95
78
105
90
82
98
77
100
79
73
81
77
88
82
90
92
82
85
81
82
80
79
82
84
101
84
86
86
94
94
74
137
89
71
76
125
99
92
94
92
78
91
70
110
117
108
84
137
84
87
92
106
82
92
116
89
102
110
94
183
119
72
83
76
62
68
69
70
64
70
79
64
69
64
76
79
69
71
69
70
69
70
69
69
78
68
76
70
71
65
86
69
69
69
69
77
69
70
69
70
86
70
70
69
76
70
70
69
70
191
69
69
62
70
70
64
69
69
64
65
69
68
75
69
69
71
135
69
68
72
77
61
69
68
77
93
74
66
133
81
68
62
62
65
69
68
70
62
134
61
68
68
95
88
80
70
72
77
70
77
90
83
86
77
84
77
84
83
76
81
84
81
83
79
92
82
85
85
77
92
83
81
82
73
80
87
84
105
82
74
82
79
81
70
80
90
67
90
76
81
89
87
85
74
91
85
80
89
85
85
69
86
80
89
72
71
72
84
66
70
127
70
69
69
69
71
69
62
70
69
62
73
63
71
69
70
70
69
69
69
69
69
63
71
71
71
71
70
69
79
70
70
64
70
62
66
69
69
65
69
69
62
69
70
70
69
74
72
69
70
70
69
76
73
69
72
70
70
71
69
71
70
69
69
70
69
64
70
63
69
69
68
70
70
71
70
71
77
79
63
71
64
77
69
70
72
70
70
70
63
78
63
69
70
70
75
63
71
75
69
70
71
77
78
62
69
76
70
63
77
64
70
69
69
69
70
76
73
79
69
69
80
69
69
68
62
78
76
63
70
63
71
75
70
77
63
70
63
69
62
62
62
69
76
70
69
69
77
70
69
76
69
68
69
68
71
70
70
70
70
72
70
70
69
70
78
71
69
77
69
69
140
69
68
63
63
70
63
63
119
69
80
84
75
94
79
85
83
95
77
88
84
82
105
89
93
91
95
106
92
118
125
104
75
88
108
132
129
92
123
92
113
104
93
95
78
147
91
93
90
126
93
105
90
98
92
118
127
429
82
92
88
97
81
93
82
91
83
90
91
87
87
90
91
104
102
84
91
87
81
88
80
94
93
83
91
101
86
87
91
87
82
91
100
87
90
78
87
93
100
90
89
99
89
82
81
71
78
74
72
