99
150
93
96
79
70
89
74
67
88
67
81
67
68
66
62
72
80
65
76
63
66
71
81
117
92
91
94
79
79
95
67
70
74
66
64
66
66
67
67
66
65
67
82
74
73
71
66
113
86
88
87
107
84
81
91
80
110
91
81
81
82
81
82
99
82
120
117
132
98
91
83
82
85
79
100
105
95
79
68
64
67
65
83
120
170
89
80
85
96
89
82
82
95
99
99
95
94
79
79
91
82
106
148
88
83
76
71
70
73
70
70
78
69
68
68
73
65
65
65
94
82
105
104
90
113
123
79
71
85
102
192
72
68
67
68
72
90
68
68
67
63
65
64
66
64
65
65
65
64
65
64
65
65
63
63
69
65
65
64
64
65
64
73
68
66
47
93
104
137
107
131
92
84
82
95
84
96
84
82
76
82
86
82
84
81
88
92
82
80
81
89
81
80
73
72
69
68
75
72
433
66
66
69
67
73
77
92
151
120
81
78
82
82
79
91
82
81
84
82
73
76
75
71
70
72
70
67
65
66
66
64
65
65
66
63
65
73
66
66
66
65
65
62
65
65
63
65
79
66
142
122
93
86
81
101
115
82
112
91
85
81
91
76
74
71
69
67
75
66
65
70
67
69
62
62
64
65
66
65
65
68
65
69
65
65
65
64
64
62
64
56
139
74
82
129
82
78
83
94
84
88
82
100
81
91
84
104
79
96
81
93
99
85
90
84
84
99
71
86
70
66
64
66
67
68
66
65
64
64
65
72
65
65
64
70
79
83
84
84
85
89
94
86
83
79
91
83
93
79
84
94
85
78
91
86
88
88
79
73
72
68
75
67
70
73
64
69
67
55
66
65
65
64
66
68
83
75
65
65
62
63
65
65
66
73
72
65
72
66
65
65
73
66
63
65
65
63
61
66
64
65
65
72
68
66
65
64
67
69
65
66
72
71
64
65
63
66
94
71
65
65
59
65
64
64
64
62
65
65
68
64
67
62
65
65
65
65
70
60
71
65
65
63
65
65
65
66
65
65
63
62
72
64
64
70
66
65
64
67
66
99
65
64
65
65
65
70
62
67
72
63
65
63
64
64
63
65
70
65
65
65
63
71
71
68
65
65
65
64
65
67
63
64
68
62
62
66
65
68
