63
64
66
63
65
65
63
65
65
71
59
63
65
96
92
62
64
63
66
65
64
64
64
66
64
66
65
65
66
65
69
67
64
90
64
62
65
73
66
65
62
71
65
62
65
77
65
65
65
65
64
60
70
65
65
65
64
69
65
63
65
62
62
65
63
64
68
64
73
64
71
63
65
70
66
62
62
73
64
65
65
63
68
66
68
68
88
72
66
64
69
64
65
63
65
63
65
65
70
70
65
66
65
65
43
64
66
65
65
63
65
72
62
72
64
65
65
63
66
78
64
71
65
74
63
78
75
73
73
62
78
65
64
64
63
66
64
67
60
65
67
64
66
64
63
65
69
65
75
62
65
65
64
65
64
83
71
67
71
65
65
65
65
64
65
67
65
63
69
62
64
62
65
73
60
66
65
65
65
65
62
62
65
64
65
67
65
72
65
73
66
63
63
72
64
65
63
71
62
62
65
65
64
63
65
74
66
65
65
65
59
51
70
63
64
64
70
68
65
66
65
63
61
64
65
64
82
69
68
65
76
68
71
63
86
75
79
77
81
66
66
63
63
70
64
69
64
65
65
62
68
65
61
65
66
64
73
65
72
65
69
70
65
90
74
63
66
86
62
62
69
76
64
79
71
88
65
65
145
66
66
65
67
65
73
64
65
64
62
66
65
62
66
63
67
64
80
96
82
123
59
84
135
95
66
80
67
66
69
75
81
62
72
65
73
96
64
65
64
64
78
63
88
64
70
66
66
73
66
53
65
69
73
65
80
94
74
53
75
89
87
62
77
75
72
62
64
65
65
76
65
65
103
65
75
71
65
64
62
64
65
84
64
72
77
65
77
66
70
69
65
75
72
66
64
64
65
65
67
93
78
65
70
71
86
64
64
66
65
64
67
65
95
59
66
64
67
77
75
65
64
65
65
64
65
65
63
71
67
67
65
65
65
83
82
66
65
65
71
69
66
63
65
78
65
66
84
80
75
77
76
76
65
71
73
73
65
75
67
65
65
65
63
65
65
63
59
62
66
65
64
65
64
67
112
74
66
67
65
71
65
70
101
97
107
95
54
135
137
91
87
124
82
111
71
77
67
88
87
79
141
87
72
80
95
86
79
86
96
73
71
68
84
83
66
82
88
65
65
70
