62
62
65
66
65
74
72
65
65
67
63
64
72
66
65
64
66
65
60
65
64
63
64
86
63
63
70
69
65
62
66
65
62
73
66
65
64
64
65
79
63
72
66
72
81
83
67
65
65
68
71
64
65
65
64
66
72
66
64
68
71
70
63
71
65
64
65
64
67
68
67
66
63
65
66
63
65
66
65
94
65
73
68
66
64
65
65
65
66
65
65
65
65
78
67
66
65
67
65
72
64
65
63
65
74
69
65
72
74
65
65
64
65
66
65
69
71
65
62
137
72
64
67
66
65
65
65
66
64
65
65
65
64
65
64
84
66
63
74
64
62
64
65
72
62
65
65
70
65
65
66
61
65
66
65
65
63
66
65
64
64
65
64
66
64
64
72
65
66
66
65
62
72
64
63
65
59
59
62
63
65
64
65
66
60
64
64
67
62
65
64
66
70
64
65
72
65
66
69
64
72
66
68
65
66
63
514
65
65
65
65
62
65
64
65
65
65
63
151
90
66
65
62
66
63
65
63
64
64
65
63
65
72
91
66
66
65
505
66
66
65
63
65
65
68
65
65
66
65
60
62
69
65
66
65
65
65
66
66
73
64
65
67
65
63
65
65
65
63
65
65
62
73
65
142
65
66
90
65
66
66
147
80
88
65
73
66
65
72
73
64
67
65
94
104
64
73
87
84
65
64
64
64
63
62
65
75
65
65
65
67
65
64
70
66
75
66
65
62
65
65
81
62
65
65
72
80
65
65
64
64
65
66
66
66
73
65
65
73
71
65
65
66
67
66
65
63
63
66
73
74
65
68
65
65
62
63
62
64
62
65
66
62
62
70
62
66
62
65
65
71
66
74
65
45
65
64
62
65
67
65
69
66
74
65
73
68
70
66
67
66
65
64
64
71
65
67
66
70
65
64
72
64
65
65
66
61
67
70
62
72
72
66
67
65
66
65
68
64
65
66
67
72
73
65
64
63
66
66
74
66
66
63
65
63
65
59
66
63
63
83
63
65
66
62
65
65
65
64
65
67
66
65
64
67
66
64
64
62
66
66
65
73
64
65
66
67
65
65
66
67
66
65
73
65
65
64
64
62
64
144
65
66
66
66
65
65
62
67
64
66
63
65
64
72
65
65
67
63
64
