59
68
64
65
64
65
65
65
65
65
67
65
64
65
65
65
65
64
65
64
66
71
63
80
72
76
63
72
66
65
62
66
75
65
62
66
66
63
71
65
65
66
65
65
63
66
63
65
65
80
64
72
67
72
65
65
64
63
65
66
65
65
63
63
64
65
65
67
64
64
65
65
69
65
73
66
66
70
64
64
65
64
65
61
64
66
71
63
66
65
64
65
64
63
65
64
64
65
68
65
65
65
65
72
65
65
64
63
64
62
65
65
104
52
83
70
65
65
64
72
66
65
73
65
76
67
64
80
73
65
74
65
79
73
66
65
73
64
65
64
63
65
67
66
63
65
75
65
65
64
65
64
68
66
72
65
65
64
65
66
65
67
66
66
63
66
71
62
66
62
61
65
63
63
72
65
66
66
65
65
62
65
70
65
63
64
72
66
63
72
64
65
66
66
67
65
64
66
43
66
66
65
65
63
68
85
65
67
63
62
72
64
64
63
64
64
73
65
64
65
64
62
65
66
65
66
72
65
64
67
72
72
67
65
65
65
73
66
71
65
63
67
63
72
65
67
62
63
65
63
66
66
66
67
62
63
65
65
65
65
65
63
63
62
64
65
64
65
65
83
65
71
65
72
65
68
67
63
67
64
65
67
65
65
74
65
64
65
66
73
65
65
64
65
65
71
63
46
63
66
65
64
72
70
63
65
65
63
63
66
71
64
64
65
63
65
65
70
64
65
61
63
80
66
62
73
65
65
66
69
65
62
66
65
67
65
65
72
65
70
73
65
64
65
65
72
64
71
64
64
72
65
71
65
61
64
64
63
65
65
65
66
66
66
65
65
65
65
67
63
63
64
65
71
65
63
64
66
65
66
65
61
73
65
63
62
64
63
65
65
65
65
66
65
70
65
71
62
65
67
70
67
65
72
62
68
65
66
63
65
65
67
65
64
65
72
65
66
65
64
73
65
64
66
65
66
65
65
65
65
64
62
63
64
64
73
65
63
65
65
115
65
64
64
65
63
65
65
65
62
65
64
65
65
65
65
66
65
65
65
65
65
62
65
65
66
65
69
65
65
65
65
65
66
66
70
67
65
65
65
65
100
60
87
72
65
71
65
66
66
76
61
67
68
62
64
73
60
66
64
