69
82
66
69
70
71
72
72
69
72
69
68
83
69
69
75
70
70
69
67
87
70
69
71
70
79
71
63
70
69
74
71
70
69
62
71
70
69
69
70
69
43
85
84
64
89
70
70
70
72
70
96
72
70
70
62
69
76
70
70
69
69
62
69
70
71
76
71
77
62
70
70
65
68
71
73
69
70
69
71
69
85
78
72
72
70
68
68
63
64
71
69
71
63
69
68
70
63
63
69
70
71
70
70
70
74
81
63
75
63
78
76
69
77
69
63
70
62
70
70
73
69
69
77
69
70
68
69
71
70
73
70
70
73
76
70
69
70
69
69
62
69
77
70
71
71
72
69
70
69
70
75
69
70
77
64
68
63
70
70
72
77
70
69
71
74
70
70
67
67
68
68
70
68
68
67
71
67
68
71
70
70
70
69
68
68
70
66
71
73
70
71
69
76
62
70
74
69
77
77
69
73
70
69
70
69
77
70
71
76
70
63
70
71
69
63
70
69
69
75
69
62
68
78
72
71
78
62
69
73
69
71
61
69
70
71
70
71
71
69
69
69
63
69
70
71
69
70
68
78
70
70
70
69
69
72
72
70
63
70
63
70
70
71
63
70
69
63
69
70
74
70
62
62
69
69
70
62
71
72
69
42
70
70
70
69
69
72
63
70
77
62
74
70
70
70
70
70
66
143
81
69
68
62
77
69
69
69
77
70
76
70
79
69
72
70
71
69
69
86
76
70
70
69
86
69
71
63
71
70
70
69
72
72
70
71
65
74
70
69
62
70
62
77
73
70
68
70
69
70
63
70
75
77
71
69
73
71
69
63
70
71
62
68
69
68
78
68
70
70
71
76
68
77
70
69
69
70
69
70
69
69
70
70
63
65
63
70
70
62
71
76
70
70
72
76
62
72
70
69
69
68
62
70
72
70
69
70
69
75
71
69
61
69
69
69
71
70
62
73
71
71
87
66
62
70
70
71
69
64
419
72
70
70
79
70
69
70
69
70
70
71
70
62
69
75
70
72
70
72
71
72
70
69
67
71
71
69
63
69
70
70
70
69
70
77
70
77
69
69
71
74
130
77
68
69
63
69
63
68
69
69
70
70
69
71
80
69
76
69
70
73
71
77
63
70
69
69
70
69
