67
69
88
63
69
69
81
63
70
64
70
71
69
70
70
69
71
71
65
76
65
69
70
72
71
65
72
65
68
62
69
66
69
70
76
72
61
70
70
69
61
68
69
69
69
181
70
72
70
72
70
73
69
69
70
79
69
69
63
70
68
72
68
78
70
71
72
72
79
69
69
76
75
70
71
69
85
70
61
70
92
70
75
86
85
62
86
70
71
69
93
70
71
70
62
70
74
65
70
67
69
85
97
72
78
71
69
71
71
89
69
69
64
69
70
69
72
70
64
71
77
83
76
83
69
70
62
70
70
69
70
70
70
63
69
64
81
71
71
70
68
69
69
64
71
73
77
70
69
70
70
76
69
71
71
68
62
72
71
61
93
84
69
63
93
69
72
71
79
70
78
69
65
62
76
69
70
72
71
69
69
71
65
70
70
69
70
69
69
69
69
74
71
71
70
69
70
69
69
70
69
62
63
72
72
70
77
70
60
92
69
70
69
69
85
69
64
87
69
68
87
85
69
71
71
71
69
69
70
71
65
70
70
62
70
68
64
69
78
72
69
69
63
69
76
86
64
69
69
69
69
73
69
64
70
69
69
70
78
85
71
70
70
70
71
70
69
79
70
69
79
72
68
62
70
69
77
69
68
74
71
70
71
70
71
70
69
84
70
100
120
62
83
70
69
70
69
69
103
65
70
70
71
70
65
68
76
70
86
79
69
69
61
69
77
69
69
70
70
70
72
70
70
72
105
70
73
69
70
69
69
68
63
76
72
70
62
66
77
69
77
73
70
69
71
78
68
62
65
63
62
64
70
76
69
69
64
69
62
68
82
95
101
100
101
81
79
81
70
75
75
91
82
97
80
105
94
91
76
87
79
83
78
90
84
84
94
83
83
84
80
97
93
94
93
80
92
84
169
101
139
86
91
100
97
148
87
74
84
105
71
98
82
95
95
89
82
83
116
117
116
111
99
106
152
99
105
373
79
99
91
88
89
146
83
99
90
97
78
69
131
95
115
114
127
114
117
116
100
116
126
168
120
118
118
114
97
97
79
105
96
85
87
94
86
68
85
98
84
85
96
86
79
69
87
94
83
92
92
96
85
80
87
93
75
79
76
74
85
88
86
84
106
96
76
79
82
88
100
74
