73
71
70
71
69
76
70
74
70
70
70
69
68
70
115
75
69
70
66
69
71
70
69
69
68
70
69
72
69
69
69
76
70
76
69
69
69
71
68
68
63
68
72
71
69
69
76
69
69
69
74
72
71
69
69
69
69
70
68
68
77
69
79
71
71
68
69
78
69
62
70
70
70
72
70
70
78
76
70
155
88
69
69
71
69
76
68
62
63
68
69
68
80
64
69
70
62
69
70
69
69
64
72
63
69
79
77
69
76
69
71
70
71
69
62
69
70
76
70
69
69
69
70
69
63
71
65
69
70
71
71
72
72
70
71
65
70
76
70
70
68
70
71
69
77
69
71
63
77
70
72
70
70
70
70
62
70
70
71
71
69
70
70
68
70
69
70
77
70
70
70
70
71
76
78
71
68
65
69
70
70
69
71
69
64
125
78
70
73
65
76
74
71
70
70
71
70
71
69
71
69
68
70
71
69
72
77
69
69
64
68
70
69
69
72
71
70
68
62
62
54
69
69
69
62
69
69
62
70
84
70
69
69
72
69
69
69
74
64
75
69
69
61
69
69
69
77
69
64
69
71
71
70
69
69
72
69
77
70
71
69
70
77
70
68
69
70
70
69
69
70
76
69
69
69
70
73
70
75
69
77
67
78
63
69
65
69
76
70
73
76
70
77
69
69
73
69
69
68
70
70
71
69
75
77
69
69
70
69
69
71
69
62
83
73
62
71
70
69
69
70
69
61
76
74
71
71
71
70
68
70
68
73
71
72
68
70
71
72
87
69
68
70
68
76
70
66
70
70
69
70
68
71
71
71
77
69
69
70
70
68
77
69
70
70
79
63
62
70
69
69
64
69
68
70
72
74
69
70
72
70
64
71
70
70
75
75
73
68
69
69
70
74
71
69
64
69
69
68
69
71
77
70
77
69
69
63
73
70
68
69
70
71
70
84
69
70
72
69
69
71
70
69
70
71
77
69
70
71
71
68
76
62
71
71
69
68
69
63
71
65
70
70
69
71
71
63
72
69
73
65
72
71
70
72
70
70
70
72
69
69
70
69
70
73
76
68
68
72
71
71
77
72
70
71
70
77
73
70
69
64
69
76
70
72
70
71
70
73
65
69
69
69
65
71
78
71
70
71
71
