71
69
70
77
78
76
71
69
69
77
91
87
101
543
146
95
87
90
88
91
82
100
93
92
90
91
90
91
86
92
94
93
92
113
92
93
113
91
81
87
69
73
74
64
73
72
78
74
73
72
72
73
70
79
72
70
70
70
69
69
62
69
70
87
69
70
70
93
69
70
62
62
69
69
70
71
63
75
69
69
63
70
70
64
70
101
67
69
69
69
70
69
70
79
68
63
77
70
69
70
70
76
71
73
69
70
64
69
62
69
70
69
68
69
69
76
71
64
72
73
69
70
73
69
68
69
72
75
69
76
69
70
77
62
77
70
69
70
63
69
69
70
77
74
69
69
70
70
71
61
70
69
69
69
69
70
69
69
69
56
70
68
69
69
76
69
70
70
70
62
70
69
68
70
69
69
68
70
69
62
68
62
70
77
62
68
71
69
71
68
70
68
77
69
68
68
71
73
69
68
75
68
69
69
63
70
50
71
73
70
69
69
62
69
79
71
62
64
64
70
69
76
83
64
69
62
65
70
63
73
69
70
78
69
69
72
69
70
70
70
70
69
76
78
70
71
69
70
69
70
76
62
72
82
61
69
68
69
70
69
63
62
69
68
62
71
76
70
73
69
62
70
120
69
69
69
70
71
69
69
68
70
63
69
68
70
69
69
70
69
63
61
70
86
70
70
69
69
68
73
70
69
70
65
72
69
69
69
69
70
69
77
69
76
69
70
68
61
69
69
69
62
61
69
69
62
69
62
77
70
63
70
70
70
70
70
69
72
69
70
69
70
62
71
70
62
69
69
71
71
69
71
69
61
71
63
69
70
69
70
70
70
73
76
69
69
72
70
69
62
69
69
69
68
64
74
77
70
63
62
77
70
78
69
70
68
69
70
70
68
62
76
69
71
69
80
62
70
69
69
71
69
91
71
63
64
71
70
71
65
70
69
69
71
68
76
70
63
62
71
77
70
71
70
70
69
69
65
72
70
69
71
69
69
69
72
63
62
69
70
62
70
69
77
69
70
62
74
69
63
74
77
68
75
64
76
62
69
62
70
70
70
70
71
69
77
70
70
71
65
70
70
64
116
63
83
70
76
83
81
80
70
70
75
85
65
76
70
77
69
63
74
70
69
78
64
68
62
70
70
