2053069
2363084
2261410
2421736
2287419
2169697
2126995
2418600
2661707
2292110
2610461
2636817
2601810
2141284
2121224
2225083
2457028
2580494
2598044
2632437
2135567
2324649
2611947
2079904
2541661
2019887
2085116
2076685
1945979
1915481
1862795
2078963
1923257
2247546
2101972
1866720
2022014
1867433
1866176
1874567
2095720
1898117
2165868
2315992
1999445
2032456
2074193
2068458
2394628
2310386
2441487
2338384
2370392
2797155
2387465
2807350
2022136
2286659
2048232
2051018
2418315
3031721
2220091
2589548
2432976
2496334
2518488
2489825
2451234
2489636
2599796
1984017
2611908
2424815
2455371
2461685
2446314
2039520
1886199
1864379
1875763
1846811
2009774
1896275
1945374
2083134
1968713
2451782
1977279
2052397
1846879
1865096
2026435
2180097
2433114
2441096
1953595
1872960
2113328
2294238
