1614242
1904061
1812487
1645110
1569756
1619867
1806166
1678130
1582531
1650280
1594827
1631083
1670084
1741956
1714788
1564833
1610568
1723040
1628311
1828149
1825899
1781633
1748044
1735643
1827145
2033158
1717965
1848272
1732042
2062153
2163328
2195878
1831429
1718837
1742822
1669606
1788485
1630750
1817741
1608434
1560689
1601879
1545438
1707165
1667675
1539037
1675765
1587775
1883858
1730759
1595958
1577647
1555017
1537915
1599018
1541802
1533579
1568946
1477212
1768456
1472906
1604491
1476946
1524878
1589923
1457402
1465615
1419329
1492388
1630115
1624827
1598292
1719777
1582800
1539435
1544424
1756834
1633622
1796019
1615560
1858372
1570292
1575033
1593468
1638963
1635732
1579914
1558198
1633728
1575059
1617386
1656473
1647366
1567401
1585887
2078320
1686882
1835249
2099838
2135606
