17488
16974
17309
17667
16704
17360
17446
18259
17404
17091
16563
16865
17344
17292
16990
16064
17284
18333
18482
17356
17411
18582
17941
17036
16537
17964
17855
17678
16460
17907
16180
16653
17300
17478
16464
16969
16322
17508
16573
18287
16774
17042
16970
16434
16830
17582
17955
17976
18189
18105
16925
16518
17472
16372
16458
17218
16890
18224
18089
16575
17311
19971
16352
17677
17287
17652
17191
18807
17850
22584
17191
18086
18000
17102
17879
17201
18504
18625
17831
18646
17939
16892
18529
18029
16207
17738
18359
17123
18100
17338
17411
18381
16876
15917
16393
17202
17013
17450
18133
17009
17225
16778
16622
17087
18469
17082
18143
17904
18156
17511
15866
17824
17729
18135
18211
17415
16107
17393
16597
18311
16563
17914
16350
17875
16854
16881
18606
15890
17552
17355
17806
16257
17645
17762
16976
17035
17795
22938
19683
18849
19398
19177
18367
24553
19490
18513
20211
17172
20376
18618
19377
21492
18351
18314
18579
21856
17352
17720
17709
18048
18142
16908
17645
18337
18092
16513
17502
17456
18575
16402
18007
17308
18282
18296
16185
16601
16758
16862
18385
16094
15809
18526
16924
17247
17160
16848
15667
18023
18019
16941
16614
18108
18000
17006
17894
16563
17366
17719
16340
18282
17136
16516
16464
16367
17427
17174
17504
16735
18583
16172
17266
16950
17203
17011
16724
16108
21143
16417
17679
17179
15538
18035
17054
17192
17195
18257
17404
18659
17229
18460
18703
17288
16646
15596
16487
17190
17569
16421
17799
17120
16883
17048
16517
18386
17723
17560
17362
17769
16087
16987
17226
17073
22837
18543
17889
17751
15919
18256
16787
18539
17624
18156
16792
17817
17492
16309
17839
18112
18536
21212
17752
16733
17782
15876
17057
17618
18202
16873
16372
17107
16339
17076
15440
17711
17739
15592
17723
16003
17783
16599
18098
16065
16775
16872
18448
18416
16778
17811
20091
16354
17411
16740
17158
18184
17510
16912
17904
16670
17964
17733
15727
18303
15630
17429
16172
17075
16024
15648
15961
17279
16563
17822
17938
17181
15455
16713
18110
17214
16346
16819
17123
17478
18302
15689
16114
16038
16839
17867
17236
18661
16473
17818
17144
17065
17407
17193
17179
17498
16695
17601
17138
15934
17313
18230
17439
17053
16535
16875
16458
17211
17002
17698
17129
16701
18234
16432
18494
16945
17666
16138
16625
18104
15648
17313
18221
18110
17791
16370
17009
20746
17623
17130
17051
17571
17323
16844
17886
17073
17667
18644
17831
16880
16345
16551
17104
19828
15459
16563
16716
16515
17217
17273
16098
15542
19537
16496
16245
17750
16690
17969
17143
16538
16605
16644
17871
17155
17406
15529
17400
16312
17739
17119
16543
18093
16221
16957
18066
16182
16517
16087
18386
17562
18163
16637
17468
18141
15560
16536
16549
16558
16872
18892
17908
16928
17782
17288
16830
17606
18357
18543
23423
19748
19434
22228
18432
18738
20114
18118
18779
17192
19307
21282
18794
22467
17817
19005
26018
24912
26607
22584
26845
28756
20350
26633
21752
21700
21811
27135
24705
25532
26123
19910
18638
18459
20534
26763
26875
25928
20687
18074
20722
21066
22674
17824
19234
20288
25919
26123
27757
22291
