15207
16355
15402
15848
15923
14691
16471
15770
16124
16164
16165
14393
14406
15492
15563
16028
14764
14008
14388
14844
14498
14293
15792
14945
15677
14362
15678
15081
14974
15074
15934
15576
15227
14452
15036
14432
15691
13850
14539
14207
14501
15894
15055
16436
14025
14891
13766
14886
16373
14859
14879
15216
15862
14276
15546
15141
14895
14461
15869
15589
14511
14766
13591
14703
15249
14768
14802
16035
14034
15616
15980
15447
15058
14310
15049
15220
15767
14663
16152
14677
14592
14297
15747
14002
15039
14017
15974
15065
14745
14875
15309
16195
14978
15550
19429
15297
14408
14907
15687
16442
14943
14376
15470
15465
14678
14955
14346
15267
15170
15283
14335
15639
15139
14388
14902
15178
15226
14111
14818
14374
15201
15303
14297
13670
16150
14362
15311
15453
14804
14905
15046
16347
13569
14930
15208
15460
15560
15021
14602
15598
15429
15469
14497
14040
14864
15820
16182
14407
14284
14644
14919
14479
14767
15073
15309
15866
15607
16006
15278
15291
14923
14959
18730
20672
22697
22556
22390
20854
16627
15823
18089
16788
22205
16462
16218
16666
16669
16298
20974
16452
16438
21874
16156
16459
15471
16899
18681
15473
19249
14264
15285
17055
16248
15458
15434
15711
15747
15575
15723
16597
15547
15731
14928
15600
13637
17688
14633
14893
14416
15559
15867
15321
14290
14612
16068
15355
13559
14525
15045
14269
15214
15331
15106
15713
14964
15810
15138
14057
15033
15018
16064
15419
16313
15495
15055
15492
14596
14483
14927
15290
13640
14408
14371
14239
15643
15401
15575
14494
15508
15821
14145
16342
14927
15650
15464
15336
16151
15643
15604
15327
15543
14037
16065
15577
15352
15560
15343
14877
15587
15249
15565
14579
15654
16014
14885
15153
13786
15827
14134
15146
14397
14700
14239
15477
18089
15547
14920
14255
14946
14231
15412
15462
15587
14657
14743
16417
14347
15384
14789
15726
14226
15049
13795
14315
14700
14140
15677
14944
16181
13881
15520
15394
14764
16485
15118
15993
20017
15404
14543
37020
14872
14004
15557
15097
15061
15446
16416
14337
14856
14504
14474
15744
14486
15451
15499
15396
14800
14389
15122
15364
14841
14731
15423
15717
14889
15960
15068
15562
14349
15805
14370
14723
14737
15749
15142
13979
15212
14957
14574
14250
14394
14325
15427
14844
14493
16729
14929
15252
14305
15136
14604
14119
14500
14490
14808
13581
14420
16518
14872
15134
15784
16289
15352
14948
14934
16024
14781
15011
14549
15705
14095
15146
15408
14585
14974
15590
15059
15339
14930
14842
16182
14703
15594
15202
15342
14902
15034
14659
13792
14645
14346
15125
13841
15451
16101
15526
15012
14624
15656
15032
14277
14997
15416
16000
15156
15488
15418
14500
15156
14631
15381
15011
15430
14252
14688
14000
15107
14828
15044
15658
15037
15212
14699
14598
14335
13660
14136
15693
16508
15028
15468
15128
14923
15100
14102
14394
15299
13907
15258
15050
13876
14800
15207
16422
14441
14616
15303
14806
16090
14680
14896
15961
15254
15372
15378
14703
15602
15473
15577
15126
16346
15961
15836
16058
15326
14839
15195
14547
15890
15138
15386
14177
16094
15045
15921
15305
15361
14374
16481
14352
