3521
3254
2934
4224
3900
3487
3040
2992
3438
2975
3129
2985
3054
2962
3115
2978
2993
3162
3702
2965
2933
3604
3856
4127
2973
2914
2938
2997
3256
3660
3555
2853
2745
2838
3456
2697
2762
3550
3535
2995
3472
2729
2950
3021
2727
2956
2981
2822
2973
2952
2691
2763
2807
2725
2807
3317
3532
3449
3518
3429
2708
2697
2746
3355
2714
3414
3565
3500
3553
3767
3618
3628
3837
3362
3802
3678
3654
2788
3082
2955
2947
2755
2916
2972
3575
3027
2910
2747
2771
2793
2713
3005
2958
2708
2751
2838
2951
2991
2751
2728
2722
3415
3088
3011
2763
3461
2776
2908
2768
2990
2688
2727
2553
2526
2517
2507
2805
2500
2522
2698
2747
2621
2553
2776
2913
2537
2533
2530
2516
2495
2755
2520
2679
2667
2526
2787
2719
2747
2662
2513
2560
2703
2578
2593
2567
2594
2640
2755
2368
2709
2750
2781
2760
2571
2432
2730
2546
2533
2377
2561
2664
2341
2337
2309
2345
2447
2654
2557
2576
2381
2578
2582
2555
2454
2524
2483
2523
2333
2592
2563
2485
2560
2693
2226
2334
2506
2388
2590
2348
2696
2461
2495
2344
2467
2507
2543
2517
2309
2354
2331
2355
2612
2350
2391
2366
2327
2646
2357
2484
2393
2369
2358
2552
2209
2569
2347
2586
2396
2579
2693
2342
2341
2365
2541
2359
2599
2630
2588
2436
2359
2354
2350
2346
2583
2490
2586
2415
2327
2391
2373
2345
2382
2558
2345
2557
2609
2328
2337
2326
2372
2362
2649
2338
2534
2327
2365
2439
2333
2380
2706
2368
2576
2334
2375
2550
2370
2583
2365
2547
2368
2404
2374
2217
2210
2357
2369
2692
2321
2629
2379
2536
2375
2568
2566
2566
2367
2341
2369
2444
2314
2404
2577
2336
2481
2610
2372
2617
2657
2649
2577
2446
2331
2363
2349
2659
2411
2359
2439
2514
2384
2349
2552
2514
2364
2338
2369
2554
2372
2371
2388
2353
2582
2538
2648
2440
2451
2315
2531
2350
2581
2339
2628
2698
2726
2371
2370
2351
2549
3075
2616
2438
2377
2559
2547
2387
2726
2344
2360
2548
2560
2381
2638
2570
2350
2575
2360
2382
2562
2686
2546
2553
2516
2393
2565
2566
2339
2666
2318
2372
2363
2375
2445
2503
2372
2354
2467
2662
2305
2336
2380
2604
2526
2542
2339
2368
2360
2358
2364
2550
2594
2329
2387
2357
2327
2433
2393
2393
2359
2549
2372
2597
2372
2544
2355
2570
2375
2355
2378
2286
2227
2185
2546
2416
2255
2562
2628
2370
2380
3067
2999
2413
2349
2327
2349
2638
2407
14396
2360
2451
2366
2384
2406
2350
2385
2376
2558
2532
2350
2197
2874
2343
2583
2349
2380
2471
2411
2388
2417
2360
2361
2491
2699
2350
2213
2508
2322
2388
2571
2338
2589
2358
2386
2353
2542
2492
2397
2549
2674
2339
2369
2372
2327
2346
2407
2626
2237
2432
2323
2594
2330
2570
2367
2383
2350
2539
2389
2469
2385
2360
2322
2318
2363
2360
2326
2355
2402
2636
2362
2372
2625
