25261
24669
25565
28023
26914
35508
30239
30164
25877
26008
25682
25614
27528
26006
26364
25304
24619
26068
26057
25304
24615
25102
26044
25084
24932
27117
26439
27000
25986
25883
25338
26359
25132
24100
25903
24426
24600
23681
24813
24910
24382
25518
26302
25380
26972
25534
24581
23907
24169
23818
25323
25923
26429
26977
25125
23744
24240
25397
24448
25092
26375
26679
25421
25495
24281
24449
23997
24060
23274
23788
25884
26083
24772
25429
27315
23978
26166
23673
25948
23597
25302
25318
26136
25664
25976
26056
24631
25266
24004
23865
25774
24701
26860
25569
26414
24870
25349
26210
25076
25711
