36308
33844
34263
34101
33872
33180
33717
33653
31856
31428
33992
36500
33600
33929
34372
32333
35399
33100
32871
32103
34319
32173
35154
32030
34104
32288
32803
34611
42333
31250
30941
32515
33934
33294
31225
32737
31991
32116
32035
32793
32128
33040
31388
31086
33808
32766
31331
31670
32322
33720
35398
35373
32234
31288
32107
35115
32398
30984
32138
35782
34166
33170
34186
32428
32035
31306
32089
32527
32630
34473
33523
31316
32943
31800
31643
45446
30854
33151
31485
31426
36021
34370
33004
34145
34610
34083
33462
34675
34324
34910
33789
34989
35060
33089
34159
33732
34220
33840
30798
32603
