19968
20917
21614
21447
21010
19579
19995
20698
20875
21945
21300
19829
21674
21481
21819
21195
19890
20820
22115
23146
20941
21172
21331
21233
20870
19997
21539
20639
20376
21664
22034
23372
21548
19873
20600
22262
21642
20779
19855
19725
21279
20645
20650
20564
19468
21999
23099
21543
19972
20512
21936
21318
21431
21066
21321
25114
20995
21747
22064
21542
23450
21643
21588
22058
21284
22212
21140
20625
21637
21558
62955
21138
20858
20896
20403
20794
20923
21460
22284
21311
21893
20734
21596
20935
21732
21076
22308
21384
21384
22013
20023
20243
21243
20855
21640
20265
20727
22541
20908
21662
