36465
37057
40624
38359
36785
36125
37844
36867
35700
38101
35436
40598
37881
37458
39796
35802
38541
39205
38261
36128
36666
37407
39193
37201
35182
36417
36097
37109
35793
37763
36849
37297
36642
38104
38741
38853
36156
58782
39653
36267
39781
40507
38907
38689
35608
38796
40279
37051
39869
36799
39538
38818
38335
37290
39762
39732
38143
37678
38547
39564
38548
38435
37983
39057
36661
40160
36849
36142
40719
38757
38712
37038
38523
39766
36809
36675
39756
35515
38966
35739
37640
35802
36224
37232
36341
36666
36969
37182
36783
39104
39102
38960
40996
39173
39018
38665
36656
35424
35495
36284
