13736
14666
13801
12479
14606
13627
13685
13148
14582
13224
13537
13579
13655
13602
13592
13177
13764
13708
13110
13606
12586
14565
13295
14748
13152
13189
13404
13394
13280
13477
12288
14109
14645
12314
13493
13840
13132
13327
12592
14025
12772
13712
13324
13944
13328
12858
13213
13681
12511
12394
12820
12448
13161
13217
14147
13794
13222
13314
12411
12387
13310
12339
14531
12517
12328
13759
13838
12874
13310
13237
13384
13090
12694
13533
13820
12916
13326
12568
13077
13154
13527
13735
13098
12448
12422
14201
13442
16938
13968
13366
14135
13287
13285
13215
14906
13179
12500
13429
13454
13258
