30190
30872
29925
27337
30810
30592
30997
28416
30475
28454
29716
28475
29050
29473
31351
30268
28399
28352
28123
28200
28411
29446
28762
28061
30606
27514
29234
28927
29769
30347
28848
30956
29480
31381
28086
39304
30106
31961
29264
29430
32298
29620
30074
28868
29990
29646
30362
35565
28947
30407
29507
29666
29371
31265
28333
31068
30822
30417
31300
29954
27093
28494
30289
29999
30307
29767
30592
30929
27239
29492
29316
29013
30777
29950
27983
30101
28287
29228
27690
30513
29815
29841
30972
28375
30209
28737
37493
29748
27756
29667
27353
27684
30278
28421
30418
31848
29995
29823
27392
30138
