16762
16892
17827
17357
17066
18157
17673
17930
16671
19867
16501
18083
16242
16756
17643
16550
17122
16726
17460
18168
16656
16580
19590
20734
17682
17056
16379
18178
16563
17668
18201
16414
16588
16645
18165
16559
17131
17396
17209
17759
17261
16913
16427
17927
16492
16482
18004
17270
16963
16671
16971
16781
16410
17055
16770
16432
16624
16704
16505
17144
16349
16681
16849
18875
18381
16348
16994
16689
17668
16888
16726
18064
16454
16518
17750
17394
16454
18073
16359
16522
16870
17539
16360
18990
16928
16766
18043
16707
16617
17799
17241
17105
18070
17407
17433
17104
17396
17127
16422
16250
