6678
6421
6552
7139
6600
6646
5961
5885
5918
5931
5968
5965
6141
6297
5910
8043
6135
6356
7908
7752
7747
8126
7885
6110
6144
5967
6014
6001
8028
8018
6467
6624
5961
5864
6919
7438
7657
5912
6006
5627
6996
5492
6518
5928
5530
5712
5424
5457
6108
5572
5861
5498
6073
6030
5493
7128
6813
6067
5439
5734
6017
5441
5460
5629
5940
5682
5431
5473
5466
5834
5788
5500
5510
6013
6442
5495
7404
7126
6030
5475
5466
6972
6003
5679
5836
5464
5408
6037
6011
6112
5489
5726
5436
5052
5091
5070
5081
5078
5593
5041
