10156
9692
9680
10867
10459
9583
10498
10266
10166
9469
9736
8964
8893
11399
12801
12441
9981
10606
10371
13120
13096
12488
10679
10777
9656
10336
10937
10830
10342
10039
9954
9750
10559
9603
9656
12119
10862
10805
9840
9550
10026
9999
9074
11485
11957
10815
9521
9858
9703
9632
10625
9841
9993
9737
9552
9983
10845
9366
12076
9440
10745
10402
9194
9201
9665
12331
9158
9181
8932
8981
8958
8948
9088
8964
8899
9788
9760
10109
9299
9259
9268
9889
8945
10203
8973
9216
9678
9644
8361
9655
9333
9815
9080
9658
9437
9155
8918
8952
9297
10908
