85
99
98
97
86
87
80
94
101
83
87
86
90
89
86
91
93
89
101
91
87
84
91
82
84
84
90
90
87
88
85
89
86
86
84
92
85
87
86
85
84
85
90
87
85
93
87
85
89
105
101
104
117
113
80
89
85
97
86
80
89
86
91
90
113
82
86
93
87
108
96
107
104
90
85
86
100
91
128
86
82
114
154
101
85
89
92
80
92
83
82
128
96
121
92
82
94
86
87
103
86
86
86
85
90
83
83
83
128
84
93
85
84
89
85
88
84
85
84
91
93
86
97
88
102
84
85
85
86
92
98
83
98
124
81
92
112
90
85
90
83
92
85
89
86
85
84
90
108
84
95
83
86
94
102
85
101
85
105
86
91
89
85
82
83
90
88
87
83
86
86
82
81
100
93
90
100
81
87
86
78
84
86
103
92
84
82
85
87
92
87
96
85
84
98
95
84
86
88
86
83
95
87
93
78
84
87
83
85
90
85
86
101
92
82
83
88
85
107
94
82
93
89
84
89
90
82
94
89
87
97
85
86
82
88
88
81
84
82
87
83
83
84
87
85
85
85
87
87
82
92
85
86
91
86
96
102
95
86
81
85
86
94
87
87
97
111
88
95
100
85
92
104
86
86
84
89
85
84
96
94
94
85
85
89
85
87
84
81
85
85
93
98
103
84
99
91
91
104
89
78
97
92
81
99
85
88
119
97
87
85
95
99
88
107
102
112
83
83
87
89
98
89
87
85
98
89
82
83
89
86
85
86
86
81
85
83
83
90
83
86
86
94
86
87
86
81
86
87
83
82
93
83
91
97
84
89
177
136
127
156
99
85
88
87
130
87
85
92
95
92
87
92
85
101
86
81
90
88
98
89
87
90
81
92
92
103
88
95
85
86
90
92
107
86
106
85
85
93
113
90
86
92
85
86
90
119
98
94
78
86
88
87
83
87
87
86
86
97
106
98
90
101
99
80
84
92
84
88
87
86
95
86
87
87
79
85
96
83
86
99
87
84
83
83
90
81
85
92
93
126
113
121
84
101
88
89
86
84
88
82
82
84
85
92
104
88
91
87
85
79
88
86
91
83
91
86
83
83
85
88
86
84
88
85
102
97
82
97
87
97
99
91
84
92
82
148
90
86
86
