134
114
114
152
136
134
115
130
125
135
108
145
120
132
120
117
119
114
117
120
118
173
113
109
116
98
117
133
113
130
127
114
124
111
105
144
127
124
112
114
113
123
129
107
118
118
114
118
123
114
115
116
101
112
125
114
102
110
134
115
117
111
117
130
117
123
134
125
120
113
137
124
112
110
112
112
122
110
120
110
117
130
116
115
117
115
126
115
128
116
113
115
116
114
122
110
114
116
98
120
134
109
112
124
111
118
109
112
122
99
118
126
119
115
119
115
118
118
105
125
116
123
132
116
127
116
103
125
126
116
122
111
120
118
117
111
120
114
120
121
109
120
128
101
123
106
114
116
117
110
121
116
116
97
95
127
116
125
118
122
129
131
117
118
109
110
112
110
100
113
115
112
113
122
112
115
114
115
125
99
127
127
103
103
118
110
116
120
116
110
117
127
107
112
414
122
116
555
159
107
114
114
122
123
126
122
121
112
119
104
109
122
111
123
121
135
107
107
114
110
119
114
114
117
125
116
116
102
111
132
110
132
113
113
118
111
108
95
117
112
107
117
114
117
112
117
116
122
124
126
119
128
111
138
114
121
109
116
120
128
101
120
114
104
118
121
116
113
134
111
119
102
114
114
125
129
119
116
114
113
121
122
124
121
107
111
122
126
124
103
113
117
114
119
111
114
115
117
118
112
109
124
130
129
115
110
110
114
118
120
118
115
123
129
115
116
117
131
112
110
116
114
126
130
120
112
112
104
126
116
116
110
154
140
138
148
145
124
115
116
130
140
149
129
124
140
129
134
104
119
127
141
116
116
135
117
121
105
112
109
116
126
121
119
127
114
112
131
127
127
135
113
114
117
119
115
110
121
130
120
110
112
114
112
117
124
120
113
118
108
113
124
112
118
117
119
138
115
132
132
144
121
127
114
117
119
127
127
111
114
126
123
130
126
116
133
111
124
115
116
129
121
115
125
129
123
135
124
115
128
110
125
126
133
119
113
114
125
106
115
116
114
131
132
116
130
124
127
115
115
113
110
114
122
106
124
98
115
115
114
113
130
114
105
98
119
125
123
129
112
124
123
117
110
110
108
114
132
98
129
133
118
111
126
107
111
118
119
125
101
139
107
123
116
112
128
117
125
132
132
