93
120
89
102
88
108
85
106
105
103
106
92
82
101
107
89
89
88
105
103
82
115
105
96
106
105
102
92
89
100
88
107
90
91
110
103
110
110
92
94
94
110
106
89
95
102
108
97
91
89
102
101
103
101
106
83
99
108
84
109
87
110
109
90
91
89
97
107
88
101
111
84
103
90
87
88
108
108
90
87
110
105
100
110
99
104
88
98
89
84
95
105
97
86
93
106
87
112
89
95
90
84
95
106
115
107
88
109
93
107
90
92
104
99
93
88
85
102
101
88
88
89
107
114
111
105
90
91
83
91
74
103
116
94
106
106
103
110
82
90
86
89
83
91
89
87
103
90
93
89
106
108
96
89
95
85
110
88
91
89
87
90
89
98
91
114
82
84
107
111
91
102
101
91
96
102
89
94
111
91
101
90
85
90
84
105
90
90
93
104
95
114
84
98
111
88
104
105
90
103
93
102
83
92
84
101
107
102
84
107
91
93
88
106
90
90
87
88
82
105
89
90
87
93
97
84
101
102
109
110
103
90
84
98
95
88
90
87
91
90
84
89
110
86
86
112
97
98
98
92
90
97
87
89
89
118
100
93
109
88
109
119
83
87
89
90
83
103
84
100
89
89
106
89
100
83
86
89
88
111
121
107
86
104
84
97
90
90
102
87
90
112
90
82
88
93
88
88
90
93
102
88
90
117
102
91
106
84
112
92
101
114
87
97
89
89
92
84
88
111
98
90
107
87
84
100
79
90
87
97
102
102
84
88
89
95
88
93
90
84
91
113
108
101
106
92
93
91
113
83
84
85
109
109
90
83
88
89
107
89
110
108
83
106
89
112
73
110
93
109
105
104
109
89
106
105
107
84
89
94
91
108
87
84
82
86
85
96
90
93
104
103
107
105
88
85
89
101
90
89
96
88
89
89
91
89
89
88
85
83
88
89
91
89
100
107
101
89
89
107
108
90
90
88
92
91
92
101
87
89
90
89
111
102
90
90
89
109
89
90
108
90
84
93
96
100
92
104
108
109
90
109
84
89
86
539
85
85
87
103
90
88
110
88
83
101
106
90
115
97
89
88
105
89
89
89
120
109
84
84
86
91
90
89
548
88
99
109
102
108
107
88
87
82
89
90
102
90
86
104
