86
109
103
89
83
86
104
94
81
94
154
95
87
96
89
95
83
85
89
105
95
91
91
84
88
87
87
88
95
88
101
96
83
86
86
92
89
89
90
96
82
84
100
86
89
84
93
78
86
86
93
79
81
89
87
91
89
88
91
94
115
94
89
120
110
85
93
88
89
86
98
92
96
84
113
100
84
93
89
87
191
89
98
94
91
98
88
91
84
89
90
86
94
90
80
85
99
121
125
103
103
90
152
89
99
104
88
101
85
88
88
81
88
193
104
99
120
111
146
89
97
83
81
85
92
85
112
125
104
120
149
86
101
85
91
175
88
83
86
83
103
98
107
96
111
87
89
84
81
88
86
86
96
88
90
82
101
97
98
86
84
81
81
103
109
94
88
109
84
83
85
83
90
86
85
87
88
83
83
104
84
90
96
87
88
82
88
108
89
90
101
85
85
92
83
88
90
83
84
88
87
87
89
95
91
89
89
84
250
93
276
87
95
81
87
82
90
114
97
83
88
97
105
106
106
124
100
88
84
91
94
101
81
84
99
101
88
83
98
96
90
105
105
86
96
89
88
88
89
85
105
93
171
91
88
93
86
93
210
99
118
124
97
207
101
101
96
104
86
102
85
99
98
89
104
99
87
95
91
88
102
87
93
95
97
82
91
83
95
93
104
83
85
96
92
85
123
83
91
100
91
88
82
106
94
84
84
93
86
102
89
88
91
97
91
92
89
87
82
88
93
113
97
88
124
98
81
85
83
85
100
87
83
95
113
82
87
86
99
79
85
107
89
86
87
90
111
89
92
96
91
105
101
96
88
85
91
89
92
85
110
87
97
93
111
85
91
90
106
87
96
93
90
80
100
107
107
88
106
87
83
104
95
88
102
105
86
95
83
111
88
81
106
89
114
86
86
88
88
92
95
87
85
98
86
90
97
86
83
90
89
92
85
89
83
102
89
89
83
88
88
83
112
85
86
85
86
107
88
96
84
105
87
80
88
82
109
88
83
82
88
88
87
87
87
82
102
87
88
87
85
82
90
90
83
85
94
86
103
80
113
96
101
84
87
99
112
85
84
89
84
88
103
79
94
90
89
83
90
88
95
90
97
90
90
98
92
97
87
89
87
103
98
100
89
81
89
91
87
89
