97
89
92
82
87
89
89
98
88
90
94
89
94
99
81
82
86
101
103
105
90
88
91
86
91
84
89
93
94
86
90
84
93
91
96
109
98
87
93
97
108
98
88
103
113
90
107
88
100
91
88
87
104
88
91
87
101
92
84
106
100
88
91
105
89
111
93
109
98
109
90
88
84
96
85
86
85
89
93
91
108
87
89
104
91
89
94
92
101
101
84
86
86
85
86
100
88
83
83
86
91
87
96
100
89
89
87
88
101
100
104
88
88
89
104
82
161
84
95
82
96
82
100
110
88
102
81
88
93
87
87
105
84
85
105
84
86
97
101
100
107
80
94
93
86
84
87
137
101
89
91
88
105
89
84
83
107
103
89
103
109
102
90
106
92
92
88
89
89
87
81
88
89
96
96
90
87
82
84
82
85
84
83
81
89
89
102
89
95
90
97
83
100
105
85
96
99
89
102
82
95
90
85
103
83
85
81
90
88
90
88
82
93
85
82
85
88
88
105
90
84
84
99
89
80
96
89
86
101
91
102
92
90
93
91
88
90
89
90
93
83
94
83
87
85
87
98
91
87
96
82
92
86
94
82
81
84
97
87
88
90
87
91
89
94
80
88
88
87
98
88
88
89
89
89
81
84
94
90
82
88
99
85
95
85
86
83
86
84
86
87
86
86
100
90
90
81
89
102
81
96
90
82
91
87
101
88
80
99
102
101
88
89
103
99
93
88
106
108
81
95
88
82
87
101
99
85
96
106
88
80
88
89
89
88
88
100
88
89
92
83
107
94
87
86
101
108
84
88
103
102
89
96
82
97
109
88
92
95
81
109
89
89
102
87
81
89
541
88
106
97
91
94
87
84
106
88
99
111
89
100
80
103
89
110
124
93
90
85
89
81
81
87
100
88
89
84
103
105
88
87
101
94
82
88
81
89
102
85
87
81
92
102
81
84
91
96
81
88
103
101
100
98
104
107
101
86
106
93
116
91
80
87
84
101
90
96
82
89
90
92
88
101
102
100
87
86
88
82
88
88
88
109
100
103
93
85
96
93
104
85
103
90
96
87
84
93
119
81
79
82
99
83
84
100
86
92
99
78
101
84
97
110
91
95
102
100
105
81
93
85
88
103
94
101
97
90
90
99
101
