106
97
104
118
100
106
103
106
105
110
112
112
107
105
103
107
116
101
90
104
105
103
104
101
108
98
111
107
117
106
112
111
100
106
111
97
102
102
118
122
104
112
100
103
96
110
105
106
160
108
97
109
113
101
100
122
104
112
101
103
103
111
106
108
113
113
99
108
107
108
101
103
119
110
105
106
107
117
99
100
115
108
109
104
100
117
117
115
106
113
102
105
106
108
102
114
107
101
109
114
104
120
103
112
112
114
102
123
108
103
100
98
103
108
108
102
113
108
105
110
120
101
105
116
108
110
101
102
111
111
108
108
111
106
102
117
106
106
95
107
109
102
105
106
103
112
110
100
89
107
103
104
105
110
111
102
113
106
108
109
99
107
109
107
110
111
109
100
103
102
103
105
103
114
111
102
101
108
104
108
101
103
101
110
98
107
106
108
115
109
100
112
106
109
102
108
101
103
107
99
101
107
107
107
103
114
103
114
102
108
100
106
105
103
105
106
100
102
109
102
101
100
101
112
101
103
88
110
108
104
104
158
118
109
103
104
110
104
107
105
106
108
100
109
106
106
113
108
103
102
109
108
117
102
105
119
111
139
106
105
113
122
141
128
109
124
103
108
108
111
110
103
108
100
119
110
109
95
103
105
112
118
101
97
108
110
111
106
113
105
112
109
104
101
124
110
108
103
120
94
98
103
118
107
108
106
104
99
102
116
104
109
120
111
105
113
109
121
102
111
100
107
95
91
101
100
116
103
105
104
105
106
108
107
114
102
111
109
118
102
110
108
102
115
111
109
107
103
91
99
114
97
102
97
116
102
90
125
118
108
113
106
110
103
104
106
114
108
114
99
112
107
104
107
104
108
102
103
105
103
106
105
91
102
101
109
99
106
98
101
103
105
106
113
105
101
103
104
104
102
102
121
106
104
109
110
119
109
119
105
118
120
105
99
106
114
109
104
109
121
102
116
110
101
109
106
111
109
114
98
99
100
109
117
108
99
103
98
109
101
115
105
111
107
107
112
121
108
114
117
97
106
104
103
108
105
103
102
104
114
91
114
117
101
109
108
110
102
102
110
102
111
103
108
89
109
97
99
118
108
109
108
105
102
104
114
115
121
107
103
99
107
104
110
99
105
104
118
124
103
