113
109
110
113
116
102
100
99
138
111
108
112
123
121
107
113
128
127
106
118
121
99
109
120
106
110
108
102
105
116
122
141
121
114
116
119
109
91
97
108
108
126
114
110
113
107
116
101
108
124
111
105
128
111
101
102
114
106
121
114
111
103
107
101
107
123
111
127
109
110
314
163
124
168
111
107
109
102
109
107
109
112
103
103
127
116
108
114
114
110
111
107
112
104
111
102
118
115
103
107
106
112
102
110
110
114
102
113
117
112
120
117
115
109
113
104
121
116
106
138
117
130
121
125
124
113
119
106
116
104
121
111
109
111
112
116
114
101
112
111
116
109
102
110
108
108
104
112
111
110
105
124
109
117
124
115
105
120
110
109
106
110
111
121
198
123
117
127
107
111
122
130
132
158
109
165
156
139
103
119
113
111
117
119
113
111
101
114
109
124
118
107
103
127
107
114
110
108
111
112
107
104
107
102
122
115
116
111
108
111
117
122
133
117
108
107
113
116
114
124
111
110
98
112
110
119
108
107
116
117
110
115
107
116
186
104
110
119
108
114
110
109
107
116
112
108
108
116
135
118
106
109
112
124
117
111
130
111
108
115
109
217
107
115
106
108
108
111
110
115
109
108
120
114
111
120
111
119
104
115
98
118
113
103
106
103
114
120
108
109
103
118
118
109
107
115
115
117
121
111
112
142
109
120
105
105
101
121
109
108
110
114
112
118
111
119
114
119
189
113
112
117
107
111
171
112
114
116
105
109
108
119
106
123
110
104
105
108
108
108
103
104
111
109
108
159
113
109
127
131
125
103
118
110
114
117
133
104
108
110
115
104
109
102
117
108
101
115
111
110
113
102
112
106
109
115
114
110
112
105
107
115
104
108
112
109
106
111
110
133
101
115
134
124
132
102
110
108
108
108
109
113
110
105
109
101
110
116
116
110
107
115
106
111
114
103
104
122
118
111
105
106
111
119
128
101
106
126
115
108
106
122
112
102
95
110
182
120
103
134
101
123
110
113
109
120
124
110
108
111
114
119
109
108
112
105
119
107
106
108
119
108
103
112
107
101
106
130
103
103
94
107
109
123
116
107
115
108
102
122
120
127
107
144
124
135
113
115
110
103
111
105
119
110
111
109
124
110
119
120
