160
152
127
126
131
115
129
149
153
120
132
112
109
112
123
133
144
118
117
149
115
149
116
164
133
110
113
143
112
119
109
122
116
131
106
107
109
122
111
104
109
112
162
108
119
118
124
109
189
108
115
103
134
136
133
126
157
186
138
156
148
126
110
127
127
134
108
107
120
117
111
122
177
166
113
124
115
113
114
112
113
125
107
154
121
121
133
109
112
129
108
110
101
103
104
111
107
111
128
103
100
131
149
108
124
109
112
146
106
119
118
115
113
126
110
120
119
113
111
111
105
113
113
108
116
109
96
105
112
107
111
109
108
123
115
111
109
113
110
119
115
91
110
147
114
107
118
122
111
110
125
119
129
130
110
108
206
109
125
112
113
111
114
106
111
111
115
109
128
119
115
109
111
110
111
120
112
111
113
109
113
110
116
111
115
110
115
109
115
125
135
243
113
112
122
127
124
119
125
111
117
131
121
114
110
108
112
112
111
107
117
121
114
106
109
117
123
106
110
94
109
120
116
96
109
109
108
94
116
103
115
110
107
108
109
108
110
121
113
106
112
110
106
111
107
107
107
115
105
118
109
143
131
117
109
127
123
120
95
111
140
108
107
113
109
109
106
113
113
117
101
122
108
105
117
112
104
114
120
117
117
112
115
110
116
117
113
111
110
120
107
114
119
112
103
108
106
115
115
110
107
123
151
106
109
128
144
116
108
112
115
121
104
113
111
110
109
112
110
123
120
101
114
111
108
112
118
118
108
106
123
115
107
115
108
106
113
117
113
107
116
104
112
109
114
113
110
109
112
116
113
109
102
118
168
148
390
166
125
118
130
106
128
110
108
114
112
108
109
108
114
114
113
110
110
95
111
110
104
106
111
107
117
130
109
111
107
112
123
104
111
121
118
114
106
114
112
121
114
109
108
113
120
126
107
112
150
134
113
116
153
107
115
186
112
120
111
107
124
116
112
109
122
110
111
117
117
110
110
115
107
110
110
135
118
127
113
113
114
115
108
124
110
102
118
118
119
115
107
112
119
120
113
105
122
112
108
117
106
122
127
167
115
120
109
126
112
121
117
112
109
107
119
116
117
111
136
108
109
111
113
113
116
114
117
112
119
110
107
117
113
122
112
113
115
108
109
106
115
141
