86
130
92
81
85
85
81
78
85
81
81
99
101
112
104
80
91
84
84
82
98
84
80
112
83
98
86
83
84
97
105
85
103
97
85
85
85
88
89
91
81
82
82
81
87
84
84
83
87
93
82
88
84
84
112
81
83
87
87
82
85
90
94
90
83
86
88
82
85
79
85
84
85
88
85
83
80
97
85
84
82
82
114
86
91
84
87
89
90
78
82
102
83
88
84
91
89
75
109
82
86
86
85
85
107
89
94
85
83
82
88
81
84
100
84
86
83
83
80
88
100
85
87
82
84
79
81
80
96
81
85
82
79
95
92
94
82
88
95
90
86
81
98
84
87
82
82
73
86
82
80
94
83
101
81
81
90
81
82
81
80
83
83
85
83
82
84
83
93
86
76
85
82
78
82
103
84
86
100
90
84
89
85
86
86
82
81
88
82
90
83
83
86
78
86
84
69
83
110
89
85
78
85
83
93
84
82
81
88
86
89
87
99
88
87
80
85
97
85
91
84
87
83
85
83
83
88
82
82
78
93
80
85
86
87
79
103
80
79
82
83
82
90
94
79
82
85
90
93
87
84
79
79
103
86
89
86
90
88
86
87
82
86
82
84
81
85
74
82
96
84
81
88
88
81
83
80
83
91
102
82
81
81
85
86
84
82
85
103
89
97
85
110
81
80
82
83
96
80
110
83
82
83
102
86
105
79
100
91
85
82
88
94
88
85
71
80
92
85
106
85
80
82
85
86
103
98
107
85
81
90
79
86
87
87
86
85
82
81
84
101
89
80
93
90
100
96
93
81
101
81
86
85
81
82
83
82
81
83
83
85
80
85
86
80
85
87
85
83
104
83
107
81
91
86
78
88
86
89
83
82
84
85
92
88
101
79
101
85
86
91
82
86
82
90
84
107
83
84
83
80
106
85
86
82
87
83
80
102
82
99
86
85
85
92
87
82
82
83
103
99
82
85
78
83
95
83
92
83
86
82
87
82
84
92
80
96
86
97
97
85
82
80
79
83
85
80
93
85
83
97
80
80
81
87
85
82
83
82
82
85
84
80
85
82
81
81
81
83
85
84
102
95
79
82
86
84
92
95
83
90
87
82
85
95
86
80
100
86
89
85
80
84
88
87
86
83
80
91
87
