176769
171062
172927
189416
184945
187586
177752
186874
176780
172170
173342
174876
183267
179668
178095
174150
161437
174577
175488
169575
175235
178363
173663
176047
176670
175581
177240
176560
175496
174066
174236
172191
190067
172613
174482
177798
197499
247077
179639
167167
172716
174362
223983
176671
163498
163740
179742
181627
184189
178286
175199
172097
175161
176089
176681
200325
174327
175475
171778
174126
334217
175921
172671
165113
174631
175945
182575
181041
170138
178540
179735
180212
171520
160221
174836
177176
177540
176367
173242
172537
174215
176105
173513
176493
176172
188728
162367
179214
171963
176334
175873
173153
175965
225585
173320
191031
188339
184891
177555
163430
