135197
136120
148217
148136
148807
148219
146148
137839
144993
145017
146274
149054
145051
145045
146713
148548
143716
145630
148200
151106
145705
147805
148144
144705
147264
147300
144195
146665
143681
147456
149838
144775
144794
150701
150558
147743
144302
148866
145321
151002
153794
148230
172537
138554
144860
147429
161629
147747
146928
137479
145647
148087
150136
150776
150208
146035
147039
145212
144466
148408
144491
144268
147058
143640
237986
145340
150013
146933
144391
146501
149808
138829
146966
146414
148047
141748
148344
147711
148114
145100
146199
149728
148709
145037
146310
149025
147311
236244
168576
149048
147011
146189
162644
144948
137068
132291
145008
145432
146310
144620
