198814
237589
302403
284389
256342
229996
213248
215390
215855
222231
218346
218052
219768
265425
213419
217331
221971
241001
204227
216078
204553
214455
198747
201622
191083
204805
197600
201815
203415
202904
198812
201070
200939
181591
200048
200516
199169
429746
203803
201958
200622
205559
202944
200458
183198
201556
198361
199798
205646
197387
212917
205185
187510
200770
199216
199853
199900
202784
203733
181557
199275
199887
185619
200904
210468
202513
190731
202576
198768
206953
200104
370261
199047
256632
200013
191058
201735
198939
204597
203667
203431
197933
203236
200272
189056
204520
199926
199961
189430
206370
197596
198930
203833
202419
199587
203324
269086
189490
198273
202753
