31623
32252
31044
30200
32511
33083
31543
30174
29806
33973
30010
31124
32025
31826
32981
30367
27719
29714
29058
24550
24624
31784
26472
26637
23203
31727
27920
25144
23452
28519
30581
24775
32251
27954
26072
23877
24850
25686
26013
23864
23457
25265
21688
26586
33467
25089
25452
26509
29472
31241
31101
27245
26128
23522
24056
23821
25889
25636
19705
23817
23499
23717
29958
28617
23748
23864
28908
24595
31063
28889
25143
24097
25949
24621
22653
24491
30081
25826
26665
75284
24125
29182
31588
25392
24087
23993
24253
24487
25413
23987
23917
24899
24730
23890
22283
21829
21481
17127
27431
22781
