245991
244002
211020
204667
207473
208510
209704
208215
204848
207137
206834
208160
205259
205383
243462
213191
241676
204721
205274
211024
208682
205826
208007
207595
208376
241305
261165
205613
206537
250661
254885
240558
209808
201544
204471
204938
194245
206165
217662
228405
246178
209664
203620
206650
227956
207093
204104
205186
207490
206320
206042
205988
208322
202251
205102
222627
205257
193409
192234
209247
208321
246382
205321
192820
191293
190234
190053
195753
188315
189018
191769
192835
228947
190759
187629
190603
182764
191900
209816
190450
192255
190004
189707
194506
191698
180840
189389
190753
177229
192903
199970
192003
302258
186275
177716
191375
191272
191385
190145
190990
