71544
68513
68061
68641
68677
68475
69074
68831
71015
69146
71418
68660
67906
69323
69164
69028
67861
69022
68400
68327
68937
67729
68139
68636
67407
68428
64135
68830
67845
69389
71814
65599
68810
68566
68428
68244
69031
69433
67445
68494
67853
69048
68637
64139
68800
67885
68601
70250
68020
67506
68092
68937
72157
67893
67814
63141
63663
69238
69777
69248
68403
69091
64203
69183
61066
67946
66734
69306
68287
67944
71400
68579
100273
67508
68528
67969
69385
69701
70480
68191
68199
68657
63611
68172
68878
70157
68722
67896
79230
68844
68612
68502
64109
68175
68316
68787
69746
69499
63433
67721
