51906
52222
51816
52824
52336
53505
51862
52906
52455
52034
52796
52396
49485
52166
51003
52433
52404
54149
52866
52139
48585
48727
49138
52428
53027
52995
52134
50112
51929
53014
51930
52941
53305
52637
53972
51239
52065
50875
49705
49567
49662
49232
48296
48907
49133
45407
49320
49761
49954
49785
50303
49020
50356
47454
48320
51064
50288
49237
47097
49887
47143
48063
48822
50539
52964
50015
46903
48343
48756
49699
50556
44252
48423
44350
48966
48792
48558
45902
50426
51336
45556
48700
48290
49070
48340
48358
48616
49574
49445
49672
49992
49104
48391
48807
48913
48768
45683
49282
50845
47333
