4102
3921
3879
3916
3871
4354
3909
4087
4122
3901
4171
4013
4096
3843
3793
3932
4349
4288
4020
3921
3925
3883
4134
3956
4225
3834
4380
4102
4121
3933
3876
4385
4046
4211
4535
4918
4061
4106
3881
4119
4031
4269
4201
3990
4084
4019
4069
3917
3939
3834
4072
3831
3991
4087
3903
3960
5471
4390
3867
3960
4284
3884
3999
3861
3988
3769
4049
3963
3923
4401
4051
3944
3884
4419
4089
3826
3863
4232
3887
4004
3932
5300
4358
4950
3847
4057
4331
3998
4156
4031
5772
3993
4074
4373
3900
4273
3866
4194
5126
4170
4093
3891
4328
4274
4107
3736
3954
3995
4365
4032
3838
3867
3731
3917
4315
4439
4226
4313
4252
4431
4125
3912
3983
4012
3906
4269
4089
3738
4123
4414
3903
4162
4072
4042
4226
3952
3847
3959
3788
3948
4261
4124
4040
4106
3888
4395
4374
4050
4026
4007
4030
3915
3849
3730
4146
3939
3739
3909
3879
3829
4091
4171
4258
3836
4063
4066
3831
4068
4298
3875
4437
4102
3948
3903
3808
4295
4362
3877
3882
4060
3897
3875
3966
3881
3834
4178
4157
4200
5416
4130
4170
4019
4459
5404
3984
4080
5086
4423
4224
3946
3896
4112
4373
3882
3911
4293
3954
3912
4068
3949
4189
3892
3947
3880
4389
4397
3939
3701
4055
4280
4125
3843
4077
3871
4098
3825
4070
3858
3992
4259
4362
4075
3845
3838
4434
3863
4300
3930
4260
3982
4036
4293
4119
4254
3963
4173
4425
3888
4153
3872
4177
4358
4155
3853
4176
5284
4189
4216
5243
4289
4209
4210
4096
3960
3971
4199
3888
4158
4362
3986
4358
4252
3892
3947
4064
4019
4213
4251
3888
3887
3812
4019
4012
3683
3968
3895
4060
4093
4017
3843
4114
3990
3910
3909
4260
4382
3829
4115
3877
3879
3960
3952
3889
4080
3848
4102
3849
4413
3750
4292
3908
4251
3789
3940
4187
4274
4198
4208
3869
4124
4302
3853
3940
3927
4118
4382
3770
3960
4048
3968
3707
4076
4108
4394
4159
4397
4078
3956
4011
4123
4057
4340
3957
4282
3937
4273
3951
4036
4258
3945
3864
3831
4213
3937
4196
3968
3919
4151
3958
3805
4248
4450
4217
4023
4032
4070
4080
4416
4286
4051
3700
4284
3948
3807
4201
4118
3878
4133
4203
3996
4154
3918
4445
3960
3877
3855
3976
3896
5756
3970
4398
3921
3770
4019
4358
4070
3715
4461
4100
3905
3897
3825
4488
3910
3947
3853
4258
3943
4359
3873
4297
4296
3857
4092
3833
3899
4177
4150
4034
3889
3950
4272
4233
3867
4416
4282
4179
4386
3940
3957
4048
3969
3882
3809
4305
3995
3963
4369
4124
4185
3872
3887
4445
3957
3803
3885
4215
3971
4130
3894
3933
3798
4193
3984
4015
3883
4255
3870
4086
4120
4355
3722
3984
4149
4138
3807
3911
4114
3884
4062
4094
4005
4393
4140
3847
4142
4056
4108
4017
3997
3749
3956
4332
4109
3951
3976
4467
4001
5179
4249
5284
4234
3845
3970
4196
4047
4415
4036
4302
4215
