1267
1051
1066
1125
1176
1070
1061
1033
1132
1049
1045
1173
1126
1317
1302
1218
1139
1047
1163
1134
1034
1054
1158
1034
1137
1053
1070
1110
1046
1054
1135
1044
1039
1130
1045
1137
1191
1115
1043
1122
1051
1043
1038
1127
1038
1241
1281
1441
1266
1073
1136
1129
1115
1072
1061
1177
1247
1276
1045
1073
1038
1163
1059
1183
1051
1088
1044
1145
1130
1044
1072
1046
1100
1046
1118
1043
1048
1129
1141
1088
1164
1057
1141
1283
1054
1047
1036
1129
1055
1054
1037
1080
1171
1161
1227
1289
1288
1554
1045
1050
1041
1115
1043
1128
1083
1183
1073
1068
1143
1167
1281
1046
1059
1187
1141
1152
1197
1042
1041
1084
1043
1109
1041
1060
1044
1136
1120
1138
1162
1166
1129
1143
1238
1055
1036
1340
1132
1047
1142
1328
1117
1040
1163
1132
1060
1149
1054
1045
1310
1152
1054
1048
1123
1049
1127
1032
1121
1020
1062
1144
1036
1036
1045
1046
1046
1180
1130
1047
1106
1017
1045
1034
1112
1354
1047
1093
1048
1047
1138
1047
1046
1068
1119
1259
1044
1039
1162
1098
1051
1117
1159
1059
1131
1209
1042
1053
1050
1138
1133
1041
1046
1133
1125
1046
1047
1077
1046
1047
1133
1159
1067
1134
1099
1047
1169
1106
1192
1042
1194
1203
1130
1124
1054
1034
1026
1047
1048
1044
1041
1044
1200
1309
1321
1290
1318
1358
1383
1332
1296
1395
1286
1352
1391
1326
1462
1422
1341
1407
1478
1413
1509
1392
1387
1403
1425
1324
1244
1340
1482
1359
1405
1339
1456
1372
1483
1370
1421
1405
1456
1347
1305
1285
1371
1425
1302
1401
1258
1391
1324
1368
1314
1330
1503
1329
1378
1378
1372
1323
1325
1338
1268
1289
1377
1279
1407
1347
1303
1331
1285
1288
1379
1274
1310
1301
1308
1304
1308
1315
1257
1310
1286
1299
1336
1297
1333
1311
1396
1313
1284
1302
1307
1286
1318
1305
1325
1313
1349
1327
1337
1373
1345
1290
1319
1057
1043
1038
1194
1071
1165
1031
1089
1144
1197
1041
1035
1041
1039
1404
1348
1342
1424
1458
1420
1282
1389
1320
1353
1313
1350
1245
1389
1287
1238
1264
1299
1387
1389
1124
1070
1191
1139
1042
1138
1097
1158
1047
1048
1166
1177
1129
1101
1103
1046
1065
1053
1047
1147
1038
1057
1049
1137
1180
1058
1271
1368
1330
1140
1280
1127
1150
1413
1043
1053
1101
1124
1047
1047
1138
1053
1150
1090
1048
1122
1124
1047
1086
1065
1132
1134
1039
1049
1049
1313
1105
1056
1050
1126
1052
1110
1051
1063
1137
1154
1032
1040
1128
1134
1068
1160
1045
1099
1047
1129
1048
1099
1181
1154
1198
1081
1051
1043
1175
1041
1046
1034
1043
1099
1044
1051
1083
1035
1043
1067
1042
1043
1049
1045
1110
1139
1041
1094
1044
1040
1045
1048
1037
1043
1140
1045
1044
1088
1039
1026
1052
1048
1126
1031
1051
1100
1135
1051
1073
1048
1142
1046
1039
1083
1073
1152
1039
