7063
7564
7381
6647
7487
7648
7552
7026
7426
7287
6969
6904
6948
7116
7166
7189
6633
6939
7404
6669
6633
6757
6693
6631
6707
7027
7165
7105
7452
6713
6657
7126
7007
7034
6661
6986
6736
6957
6883
7505
6880
6944
6829
6737
8576
6726
7160
7147
6976
7159
7439
6672
6633
6891
7255
7319
7347
7296
7269
7160
7332
6950
7008
6910
6635
6817
7074
6794
7040
7104
7202
7366
6942
6890
7655
7127
6717
6828
6852
6681
7415
6673
7061
6826
6930
6966
6553
7469
7359
6953
7324
7214
6747
29151
7050
6834
7122
7154
6637
6927
9066
9192
9301
6754
7050
7529
7144
6666
7034
6924
6663
6764
8616
7311
7363
7067
7099
6761
7060
6638
7224
6891
7140
7142
6953
7111
7550
7202
6687
7427
6953
6611
7275
6983
6996
7121
7241
6887
7459
7092
6900
7064
6650
6936
6615
6799
7127
7237
7018
6978
7311
7010
6843
6988
7160
7211
7196
6931
6747
7399
7565
7865
7312
7191
6676
7299
8663
6947
6978
7029
7184
7032
6942
7331
7199
6814
6838
7043
6767
6887
7098
6625
7114
7015
7213
7126
7566
7224
7080
6752
7215
7425
7538
7372
7404
6905
6934
7015
6846
6676
7272
7090
8413
6969
7300
7176
6665
7635
6697
7138
7056
7082
6517
6941
6870
6577
7370
6700
6809
6906
7173
8322
7596
6876
6856
6926
6941
6601
6940
7061
6998
7015
6778
6976
7205
7233
7585
7248
7373
7201
7390
6824
6957
6623
6952
6986
7314
7079
7001
6622
6875
6865
6749
6621
6914
6775
7005
6952
6883
7217
6655
7122
7036
6804
7428
7379
8362
7446
7391
8639
8447
7166
7433
7042
6881
7718
7140
7181
6987
7426
6981
7467
6891
7183
7407
7102
6661
7315
7388
7318
6789
7232
6711
7249
7116
6652
7026
7280
7057
7254
7289
7323
6620
7129
7462
7296
7225
6848
7032
6804
6739
6901
7016
6680
7266
6878
6769
6923
7273
7231
7118
6792
7321
6620
6808
6923
6598
6837
6618
6632
7186
7053
7078
8306
7060
7080
6957
7333
6751
7195
7248
6918
28476
7170
6811
7034
7257
6847
6849
7004
7083
7044
6759
7075
6912
6705
6853
7220
7079
6613
6934
7532
6784
6858
6627
6726
7293
7236
6983
7142
7135
6647
7483
7082
7254
7128
7558
7427
7462
6996
7139
7214
6968
7285
6952
6781
7370
7169
6874
7090
7425
7556
7365
7382
6979
7194
6761
7217
6869
6748
7499
7003
7057
7108
6814
6866
7398
7035
6678
7005
6820
7198
7162
6993
7362
7254
6688
6735
6666
6883
6938
6855
6627
6660
6933
7252
6960
6889
7001
7212
7212
6710
6833
7339
6743
6672
6671
6837
6816
6858
6803
7393
7528
6824
6849
7067
7264
6793
7287
7259
7443
7525
6706
6839
7518
7082
6993
6983
7334
6905
6904
6903
6626
6845
6942
7408
6933
6703
7125
6880
6617
7552
6924
7112
7128
6628
7251
7439
7279
7014
7271
6628
6797
8829
8698
7336
7126
7070
7170
6802
6719
6666
8457
6939
6980
7223
6777
7548
6555
6925
