5307
4966
5236
5289
4849
5036
4988
5414
5908
5074
5251
4868
4983
5115
5326
4865
5292
5173
5213
6725
5261
5090
5121
4877
4859
4892
4993
4991
5067
4921
4995
4968
5250
5224
4898
5280
5354
5498
5512
5329
4674
5361
5178
5275
5391
5108
5352
4890
4881
5071
5239
5085
4940
4941
5062
5527
5050
5311
4834
4847
5415
4895
5019
5106
4963
4982
6083
5162
4881
5379
5132
4972
4824
5199
4967
5167
5216
5031
4876
5213
5338
4888
5178
4966
4937
4857
5113
5124
5297
5180
5306
5394
5449
5344
4784
4825
4966
4748
5332
5083
4912
5237
4987
5493
5245
5015
4796
4789
4897
5046
5544
5185
4871
5012
5460
5067
5383
4691
5089
5439
5066
5198
5257
4846
5613
5105
5026
5076
5075
5358
5338
5261
5387
5249
5189
5068
4971
4962
4738
4972
4896
5020
5359
4964
5238
6482
6391
5260
6760
5381
4895
4945
5521
6213
5509
5084
5424
5262
5277
5332
6831
5370
5188
5372
4928
5007
4970
5287
5409
5187
5059
6180
5288
5285
5316
5004
4916
5497
6050
5287
5490
4895
5030
5053
5507
5298
5010
5413
4890
4888
5409
5145
5042
5422
4888
5161
5253
5373
6200
6562
6124
5611
4937
4941
4853
5305
5478
4999
5261
4994
5156
5257
5079
4856
5598
4922
4779
6191
5070
5158
5288
4942
5348
5368
4981
4892
5287
5441
6149
6281
5148
4873
5205
5030
5592
5075
5220
5104
5214
5497
4994
5386
4990
5067
5207
4885
5436
5412
5325
4979
5130
5200
4933
5003
4940
4848
4840
4905
6018
4997
4937
5144
4972
5216
5148
5483
4678
5147
5234
5309
5407
4993
5013
4760
5076
5433
4792
5048
5349
5298
5113
5141
4936
5109
5045
5232
5330
4887
5165
5486
4937
5225
5390
4910
4808
5115
4759
4899
5216
6099
5031
5541
4915
5116
4737
5025
4760
5229
4941
4924
4862
4958
4928
4835
5131
5224
4890
4891
5368
5174
5404
5076
5166
4841
5024
5584
6084
5085
5017
5369
4946
4811
5007
5333
5045
4983
5585
4834
5115
5274
4818
5229
5368
4946
5061
4744
5370
5152
4871
5286
4666
5420
5279
5079
4977
4869
5183
5345
4764
5489
5097
5298
4926
5345
5589
5461
4919
5502
5266
5241
4831
4784
5077
4778
5026
4955
4896
4991
4844
4872
4747
4876
5618
5135
4906
4942
4794
5041
4758
5383
5200
5059
5311
5114
5024
5162
5186
5130
4772
4904
5166
4954
5137
5143
5229
4925
5277
5131
5541
5265
5392
4995
5192
5121
4722
4914
5163
5009
6713
5548
5114
5366
5210
5262
4844
5299
5058
5190
5260
5085
5109
5003
5123
5130
4845
5076
4988
4728
4900
4795
5061
5016
5029
4883
4834
4951
5381
4782
5399
4770
4712
5638
4884
5395
4984
5305
5314
5504
6566
5703
6472
6776
5217
5138
5122
6414
5277
4889
5443
5328
5335
5250
4992
5034
5122
5375
5083
4798
5123
5104
5321
5078
6345
4990
5156
5172
5032
5588
5576
6318
5498
5503
5089
5406
5477
5161
5028
5254
4919
5075
