2906
3349
3160
2989
3078
2947
2924
3084
3087
3381
3293
3118
2952
3002
3384
3232
2915
2972
2964
3148
2777
3208
2930
3276
2931
2910
3185
2949
2962
3259
3061
3018
3206
2968
3251
2972
3237
2948
3206
3181
3012
2948
3114
3213
2990
3027
2963
2953
2936
3021
3078
2936
3135
2830
3293
2929
3172
2985
3081
3117
2934
3164
3290
3077
2938
2889
2971
3066
3016
3145
2878
2953
4256
2938
2938
3293
3243
3200
3315
3218
2799
2981
3139
2936
3003
2935
2963
2872
2962
3002
2960
3125
2904
2987
3305
3130
3119
3151
3235
3026
2908
3187
3032
3258
2955
2969
2937
3138
2904
2882
3272
3154
2907
3185
2952
3316
2931
2872
3208
3059
3109
2917
3151
3255
3058
3031
3034
2914
2932
2909
3265
2943
3147
3047
2986
3096
3323
2947
2935
3094
2948
3078
2936
3164
3223
2927
3154
3115
3141
3005
2995
2979
3176
3000
2865
2926
3035
3304
3129
2998
2929
3340
2939
3108
3016
3052
3224
3156
2956
2924
3006
3021
3175
3233
3322
2931
3281
3237
2933
3204
3153
3893
3710
3870
3858
3263
2959
3178
3324
3073
3071
3090
3046
3085
3234
3087
2949
3023
3201
2955
3273
2928
3371
3301
2873
2943
2932
3046
2978
2963
2921
2966
3060
3225
2943
3020
2923
2992
2995
2995
2960
3021
2914
2958
2973
3115
3090
3252
2956
2924
3262
3045
2955
2920
2912
3301
3286
2933
3157
3169
3199
2920
3202
3259
2924
3045
3779
3235
2984
2982
3311
3096
3093
2988
3078
2998
3128
3310
3038
3239
3240
3273
2927
2986
3060
3290
3269
3322
3261
2931
3218
2945
3033
3342
2972
2889
2897
2979
2982
2896
2981
3200
3042
2951
3140
3090
2997
2924
3000
2985
2961
2933
3222
3066
3308
3127
3250
3008
2966
3091
3131
3103
3237
2913
3255
2933
3204
3219
2935
2957
2979
3028
3119
3122
3011
3003
2938
3181
2841
2959
3197
3018
3297
2919
3092
3293
2989
3215
3157
2844
3177
3016
3104
3052
3266
3352
3028
3149
2933
3283
3026
2993
2893
2995
2933
2952
2918
3034
3082
3029
2912
2905
2916
2980
3042
3182
3020
3096
2973
3010
3305
3040
2875
3012
2961
3049
2915
3145
3183
2907
3113
2974
2963
3251
3235
3203
3072
4087
3125
2935
3085
2911
2997
3061
2938
3120
3037
3326
3224
3147
2974
2957
2898
2995
3084
3054
2954
3082
3227
3011
3187
3324
3028
3275
2941
3275
3040
3213
2963
2945
3200
3124
2930
2919
2925
3295
2898
3284
2882
2987
3195
2965
3045
3258
2994
3016
3334
3094
3188
3007
3354
3303
3273
3125
3026
2947
2894
2939
3347
2934
2925
3028
2956
4277
3066
2992
3007
3000
3001
3196
3067
3105
3143
2939
3085
3188
3229
4556
3088
3272
3298
3023
3106
3155
3133
2920
3072
3090
3143
3034
2953
3286
3384
2906
2978
2994
3110
2995
2980
3043
3059
3152
3142
3065
3116
2999
2930
3289
3258
3028
3208
2932
2964
3364
2919
3223
3043
2981
2942
3308
