9053
10458
9035
8851
8599
9232
9093
9171
9413
9442
8647
8965
9081
9672
9429
8950
9174
9286
8959
9298
9322
9329
8747
9362
8923
9190
9216
9167
9392
8861
9280
9276
9333
8781
12060
9017
9501
9399
9464
8700
8879
9028
8891
9250
9080
9655
9248
9236
9390
9038
8784
9018
9240
8928
9291
9103
9016
8892
9207
9197
9171
9076
8602
9085
8790
9289
9258
9860
9245
9244
9410
9600
8884
9092
9201
8814
9652
9229
9874
9238
9293
9301
8951
9086
9553
9214
9088
9073
8593
9623
8771
8758
9374
9312
9246
9087
8901
9522
9113
12901
9252
9242
8981
9366
9128
8991
8744
8995
9183
9586
9035
9317
9029
8870
9077
9181
9146
9361
9199
9310
9094
9825
8958
9240
8798
9152
9408
8566
9139
8707
9443
9308
9260
9770
9394
8922
9388
11150
8779
9582
9344
9145
8840
9609
9775
8917
9310
8692
8706
9629
9695
9227
9420
9002
9514
9244
9218
9266
8994
9500
9236
8922
9024
8911
8767
9451
9117
9302
9311
9067
9186
8968
9103
8754
8767
8990
8635
9614
9128
8795
9230
8822
8998
8902
9271
9437
9315
9032
9025
8969
9241
10555
9567
9455
9215
9336
9626
9036
9131
9277
9036
9023
8804
9245
8840
8795
9464
8825
9465
9217
8999
8836
9557
9399
9097
8916
8954
8996
9086
9031
9040
9140
9310
9081
12878
8976
9487
8697
8796
8829
9273
9229
9211
9106
9153
9373
8593
8880
9312
9168
9685
9244
9426
9271
9434
9083
9096
8675
9172
9566
14251
9333
9374
9095
9228
9112
9329
8936
8933
9532
9255
9684
9851
8866
9445
8922
8766
9522
9167
9498
10969
9477
9367
9374
9167
9555
9000
9074
9354
8764
9364
8862
9273
9062
9509
8802
8941
9350
9387
8695
9006
9227
9149
9532
8943
9573
8921
9046
9338
9361
9722
9615
9037
9532
9323
9342
8615
9271
9411
9383
8735
8986
9440
9279
9024
8541
11071
9281
9173
9229
9487
9666
8769
9180
9084
9133
8938
8487
9296
9094
8899
8972
9385
8898
9304
8987
9446
8636
9551
9393
9073
9015
8903
9014
9559
9462
9116
9069
9051
8914
9187
8826
8968
8958
9118
9133
9339
8690
8893
8764
13487
9227
9464
9570
9570
9104
9251
8960
9334
8900
8972
9132
8935
8833
9345
9012
8667
9666
9126
8944
9158
9382
9324
9161
8688
9089
8536
9331
9086
8892
9335
8933
8960
9146
9366
9443
9092
9489
8790
9041
8923
9258
8996
9465
9310
9211
9561
9512
9707
9150
8949
9414
8898
9436
9224
9167
9137
8582
9452
9038
8573
9593
9508
9650
9561
9271
9280
11682
11619
11700
12030
11185
11952
11830
9556
11910
11995
11795
9300
13975
11473
9381
9408
9061
8912
9293
8666
9753
9073
9078
9426
9329
8904
9195
10455
9511
9073
8743
9152
9280
9104
8929
9101
9549
9000
8994
9492
9356
9221
9247
9404
8816
9230
9089
9004
9061
8926
9037
9087
9069
9106
8935
8594
9477
9191
9141
9086
9114
9229
9380
9107
8787
9517
9358
9033
9301
9087
8659
9521
9098
