6301
5673
6076
5742
6246
7398
5866
6266
6252
6236
5726
6199
7864
7368
7116
5804
6136
6262
6415
7379
7290
5822
6612
6137
6258
6413
5894
6280
7276
6307
6594
6381
6201
5970
6442
6404
6042
6113
6185
6127
6544
5735
6017
6004
5822
5793
6072
5753
5852
5937
6140
6403
6155
6290
6145
6423
5717
6468
6073
6147
6278
6489
6042
6076
6387
5775
5691
5679
5840
6338
5579
6240
5947
5700
6406
6325
6347
5866
6192
5808
6446
5802
6232
5694
5966
6264
5839
6079
6060
6073
5609
6182
5731
5647
6373
6304
6110
6186
6197
6291
6086
5688
5956
5947
5952
5934
6182
5971
6412
5987
6015
6271
5908
6285
5675
6104
6263
6239
6196
6269
6066
6156
6093
6006
5897
6408
5899
6429
6196
5951
5641
6158
5769
5825
6327
6197
6355
5933
6334
6395
6080
6218
6339
5751
6048
6363
6164
6152
6133
6404
6001
6260
6097
6095
5939
6231
6051
6012
5736
6171
5676
6025
5957
5821
6352
6359
6345
5613
6284
5660
6339
6517
5887
6115
5789
6079
6400
5637
5748
5893
5908
6281
6299
6085
6001
6398
6081
5802
6201
5881
6174
6357
5784
6530
5880
6114
7791
7870
5931
5962
6308
6620
5880
5924
5998
7309
5928
5861
5651
6214
6424
6058
5725
6023
6130
5679
5915
5743
6636
6067
5630
6407
6467
5712
6331
5919
6076
6025
5983
6109
5909
5848
6513
6062
5915
6375
6368
6524
6043
6021
6305
6191
5990
6305
5703
6068
5873
5803
5973
5766
5913
5891
6114
6072
6412
5770
6105
5585
5946
5725
6253
6436
6284
5706
6280
6375
6149
5955
6067
5952
6233
6347
5660
6418
5658
6124
5682
6151
5981
10405
5579
5994
6446
5973
6038
5736
5679
5794
6132
5954
6468
5912
6017
5667
6079
5723
6074
5870
5779
5788
6024
5565
5948
6314
5633
6021
5884
6132
5969
5898
5957
6137
6093
5846
6072
7392
6567
6323
5946
6134
5865
5873
6394
5732
6009
5573
6116
5739
6158
6259
6438
6327
6109
6253
6055
6072
6293
6364
6238
5991
6273
6009
5792
6574
6136
6367
6056
6633
6178
6319
6121
5844
6297
5762
5730
6180
6345
6089
6096
5746
6161
6358
6018
5892
6012
6415
6480
5901
6258
6007
6022
5927
6136
5806
6400
6340
6409
6463
6231
6364
5707
5889
6188
6396
5896
5769
6105
5727
6238
5722
5741
5951
6176
5976
6265
6272
7561
5831
6014
6308
6220
5740
5851
6112
5939
5869
5735
6194
5651
5981
6218
5682
6165
6292
6272
5837
6043
5916
6040
6565
6154
5760
6240
5682
5817
5967
7349
7932
7920
7950
7853
7255
7970
6275
6052
5879
6150
6640
6271
6072
5918
6334
6100
6308
6026
6299
6635
5702
6202
6235
5908
6207
5819
6315
5884
5816
5870
5973
6245
6391
6041
5721
6145
6162
5797
6473
5997
5690
6008
6124
5675
5627
6227
6114
5966
5965
6483
6435
5735
6262
5840
5827
6092
5856
6287
6255
5993
5739
6235
6398
6308
6406
5994
5615
5986
6298
5903
6362
6118
6292
