2167
2114
2118
2002
2039
2007
1987
2193
2049
2112
2086
2149
2274
2147
2055
2200
2181
1992
2020
2143
2256
1988
1982
1987
1988
2010
1995
2032
2045
2150
2034
2109
3056
2181
2071
2163
2168
1989
1985
1989
2007
2192
2051
2045
1992
2271
2106
2443
2149
2123
1981
2265
1983
2156
2305
2315
2016
2118
2212
2247
2212
2122
2046
2116
2165
2185
1978
1948
2120
2101
1983
1984
1999
2083
2097
1988
2066
2076
1983
2272
2123
2134
1992
2005
1996
2175
2006
2073
2207
1991
2110
2211
2108
2158
2210
2205
2168
2036
1990
1988
2128
1985
2236
2147
2101
2122
2022
2095
2109
2208
1961
2082
2173
2052
2195
2223
2121
2056
2090
2080
2221
2136
2005
2176
2007
2205
2008
1995
2153
2275
2079
2137
1987
1985
2111
1989
2053
2158
2202
1980
1985
2223
2182
1975
2054
2008
1982
2169
2066
1985
2052
2063
2050
2038
1975
1983
1966
2023
2215
1999
1992
1964
1979
2064
1992
2026
2198
2169
2017
2016
2198
2004
1986
1993
1983
1982
2014
2088
2181
2078
2217
2146
2007
1963
2198
1995
1992
1989
2039
2031
1997
2129
2238
2010
2112
1989
2091
1984
2193
1986
2221
2114
1990
2041
2006
2192
2077
1992
2056
2209
2257
2203
2211
2198
2006
1987
2057
2070
2091
1975
1979
2124
1985
2178
2181
2196
2264
2037
2100
2701
2186
1970
2081
2279
2036
2097
2164
2279
2152
2137
2099
2000
2128
2008
2198
2138
2015
2162
1992
2022
2102
2018
2116
2049
2487
2531
2137
2281
2039
2100
2193
2241
2156
2044
2014
2138
2145
2159
2111
2233
2164
2142
2207
2289
2199
2066
2274
2272
2175
2057
2117
2132
2129
1991
1981
1996
2054
2211
1957
2041
2164
2207
2108
2148
2237
2170
2258
2270
2152
2205
2047
1976
2165
2088
1988
2196
2019
2026
1993
1998
2062
1970
2200
2614
2243
2134
2210
2075
2113
2048
1995
1971
1967
2143
2042
2145
2221
2255
2172
2169
2226
2233
1998
1983
2334
1970
2002
1981
2077
1966
1988
2069
2110
1985
2225
2361
2048
5099
2052
2038
2288
1972
1997
2172
1994
2149
2222
2166
1968
1982
2275
1986
2111
1984
2005
1981
1997
2250
1989
2210
1974
2000
2219
2008
2211
1993
1996
2105
2218
2227
2194
2035
2012
2123
2488
1990
1984
2104
2112
2247
2222
2039
1965
2024
1982
2117
1989
1975
2151
1988
1991
1992
1981
1987
1997
2108
2056
2048
2069
2040
1971
2041
1969
1992
1986
1964
2060
2090
2169
2214
2075
2111
2230
1950
2233
2129
2103
2010
1965
1955
2107
1993
2218
2035
1980
2143
2147
2047
2069
1984
2057
2104
2224
2103
1995
2253
2983
2195
1990
2224
2111
2168
2103
2030
2277
2147
1980
2148
1970
2036
1993
2225
2066
2165
2041
2238
1988
2015
2275
1983
2035
2011
2176
1980
2155
2141
2137
2159
2051
2130
2185
2070
2048
2234
1957
2249
2003
2161
2138
2106
2033
2078
2141
1978
2088
2215
1989
1988
2283
2108
