7753
8199
8085
8008
8455
9828
8060
7707
7753
7859
8185
7927
8063
7859
7761
8102
7539
8141
7794
8297
7595
8455
7680
8358
8412
7844
8154
8148
7937
8004
7938
8573
7875
7930
7990
8179
8309
8724
7981
8240
8290
8526
7974
8134
8015
7711
7869
8355
7955
7605
7864
7817
7761
8317
7738
8449
8502
8101
7567
9488
8318
8338
8031
7866
8149
8123
7551
8033
8019
8013
8498
8408
8205
7757
8118
8308
8024
8160
8175
8102
8071
7589
7514
8114
8144
8073
8300
7805
7900
8470
8170
8236
7926
8358
7768
7780
7939
7820
8215
7852
8063
8013
7541
7827
7684
8225
8396
8289
7612
7829
8470
7806
7563
9824
8040
8306
8018
7904
7799
8132
8089
8301
7989
8516
8489
7906
8119
8284
7618
7545
7730
8218
8064
7995
7732
8295
8151
8088
7888
8273
8104
7700
7997
7755
8386
7751
7958
8287
7755
7778
7821
8024
7980
7713
7983
7630
7758
8259
8521
8041
8092
8581
7992
8051
7670
8135
7783
8115
8317
7930
8129
8437
7917
8241
8033
8449
7821
8286
8175
8182
8114
7921
7540
7850
7810
8074
7748
7920
8232
7844
8187
8263
7959
8501
9397
8138
7809
7999
8053
7950
7929
8006
8425
8377
7695
8447
8284
8063
8343
8122
8093
8044
7863
7652
7576
8337
7753
8580
8015
7543
8114
7577
8091
7599
7802
7841
7526
8318
7966
7828
7735
7530
7607
8474
7588
7949
8364
7828
7979
7742
8280
7726
7758
7795
8329
8078
8129
7558
8229
8199
7771
7908
7804
7561
7693
8171
8207
8651
7892
8262
8272
8116
8378
8102
7941
7837
8075
8184
8218
8272
8126
8082
8358
8378
7767
8071
8204
7929
8180
8121
8387
7620
8085
8269
8064
7915
7914
7724
7742
7728
8225
8261
8520
7913
8295
8060
8203
8437
7880
8352
7934
7852
8071
7970
8455
8061
8050
7810
8200
7681
8247
7854
8333
7488
8202
7930
7575
8102
8391
7946
8143
7930
7659
8310
8050
7866
7780
9430
8198
8062
8238
8533
7893
8068
7989
7860
7786
8180
8098
8099
7661
8189
7609
8181
7866
8238
8041
9737
7772
8157
8349
7904
7820
8120
7970
9858
8153
7621
8417
7910
8147
7956
8022
7833
7861
8017
7690
8014
8522
8214
7867
8285
8035
7609
8278
7840
8019
8209
7873
7771
8093
8247
8179
8122
7784
7664
8013
7685
8308
8392
8032
8310
7863
8224
7818
7955
8056
7645
7994
7634
8188
8299
7954
8047
7948
7897
8421
7729
8039
7981
8412
8100
8355
7897
8121
7784
8595
8330
8303
7775
8130
8130
7813
8081
7933
7959
8131
7764
7908
7954
7766
8300
7763
7933
7691
8191
11233
8471
7825
8213
7736
8567
8098
8047
8286
7790
7695
7865
7938
8098
7666
8041
7985
8427
8047
7958
7978
8057
8081
8269
7518
8646
8257
8150
8097
9502
7887
7610
7912
8087
8099
8249
7622
8037
7865
7956
7840
8155
7814
7785
8123
7655
8077
7772
7780
8238
8229
8185
8329
7641
8231
8313
8274
8028
7930
8471
7772
8351
7940
8248
