362320
353456
387464
407370
402027
393988
416457
364794
355653
371280
364157
363295
392885
384491
368498
364728
360361
357969
363656
366092
366680
402320
383893
343061
370114
353785
385510
362821
370194
488384
367235
363222
368300
363306
367895
368499
371890
365821
370687
340401
367359
334534
367850
363468
369267
370299
365804
362610
365210
355209
358858
372093
363660
363563
364993
375938
367335
365193
347253
365827
364145
367040
368971
363884
409084
362836
367186
356379
367428
364424
390690
364745
370528
388724
366300
362455
368895
365259
362298
362036
341722
362450
368129
358136
363050
338432
362338
370018
355944
384965
347463
340028
372307
365103
361986
361762
346723
343679
370601
363736
