1605796
1506239
1552813
1496897
1631346
1546768
1565822
1517290
1513296
1437781
1548675
1573594
1417164
1557607
1450972
1523306
1454641
1414616
1538421
1456021
1459307
1430042
1415740
1477158
1478670
1431340
1345827
1476809
1790619
1431309
1394624
1343025
1394328
1540761
1449393
1389133
1425662
1379123
1479408
1323743
1415380
1365567
1437993
1379996
1492343
1315554
1471676
1789496
1406377
1343736
1412219
1419972
1489656
1413843
1408133
1356519
1307358
1439616
1351841
1354275
1376581
1449405
1346548
1374844
1337545
1456705
1536736
1468845
1368162
1416800
1393224
1472705
1473317
1410723
1415919
1380778
1412494
1433806
1391468
1380154
1861408
1461104
1426912
1392406
1387193
1528485
1738333
1393768
1383444
1529449
1349457
1411143
1345716
1335953
1550119
1438539
1351182
1436881
1409887
1603547
