634846
639749
862615
650937
642349
663561
641299
647035
648283
659310
636339
756087
614562
639661
667858
622917
656932
789438
626547
640114
669105
599083
656957
638287
615462
643116
619481
657145
647991
596632
638662
652519
596603
626534
644508
658105
692956
621111
634770
709283
610298
686120
666478
624679
647861
655705
599463
643688
673783
654405
638115
705603
607171
638187
639150
604745
647889
652291
657822
610918
635184
662303
639701
593703
630078
653609
637427
681194
609490
712722
651733
685460
652971
657595
656286
621394
696112
606221
669211
674279
644128
646185
658628
604952
623036
647103
598163
662347
641740
643087
616450
613209
648891
622592
626737
631653
656804
620727
638021
648769
