2619712
2431812
2456749
2648356
2444823
2526941
2547180
2402644
2508347
2647888
2450714
2448026
2481124
2371312
2476727
2412715
2439547
2376498
2500833
2635655
2414803
2373622
2470896
2469623
2386927
2494688
2475214
2461737
2513092
2403560
2396223
2424260
2497055
2515477
2403699
2574182
2473001
2346592
2555723
2413598
2466563
2651233
2419860
2443477
2426150
2504415
2411337
2377835
2528816
2356122
2444971
2438214
2320336
2463232
2525589
2523563
2418482
2348938
2413228
2430400
2420162
2388742
2428851
2821940
3014315
2685561
2542122
2428051
2560313
2594098
2589163
2452087
2507348
2617645
2480519
2488306
2615327
2527083
2517692
2516227
2451493
2577883
2780112
2516221
2616428
2390804
2466493
2449156
2552904
2512995
2483121
2474705
2510944
2428924
2485858
2404253
2566925
2497891
2492048
2460346
