59781
61234
61151
60005
58760
55466
55194
55685
55417
55699
54836
54835
55909
57814
54722
54368
67837
54959
58627
54661
55897
54564
50895
50639
50089
50812
51942
50670
51621
50643
51778
49648
69926
51818
50685
51454
63071
49856
64213
70584
64802
66040
51723
50530
49067
49386
52590
49924
50381
51190
93403
64206
50844
50652
56112
70605
51326
68761
51354
50267
49171
50659
50794
51119
50514
51961
55685
51302
64670
51744
51548
49581
49578
49314
54701
51549
50268
51384
50625
51247
47661
47765
47763
115432
65866
50976
70632
66591
71785
75343
71757
75051
64588
66005
66625
69390
69736
69484
63332
62994
