1904434
1809198
1899471
2164429
1937159
1895600
1839291
2127882
1940319
1955171
1865061
1902091
1927876
1901978
1924131
1921952
1898710
1901252
1849410
2009119
1898168
1826895
1886707
1873712
1920104
1829745
1844897
1791573
1888450
1867249
1895450
1852286
1929167
1858309
1826272
1940284
1984608
1895687
1922410
1941575
1870490
1873991
1870702
1805270
1872745
1790758
2007089
1851730
1849955
1901031
1808036
1917455
1921343
1806660
1889180
2001645
1842602
1819211
2053261
1828535
1924801
1797271
2086377
1909686
1792873
1872112
2072482
1836247
1806326
1861527
1841114
1943589
1779711
1862498
1937564
1839490
1921795
1806859
2095872
1942338
1875741
2150588
2362639
1941424
2205171
1967537
2000369
1849247
1879095
1970713
1850819
1935773
1885763
2085227
2197408
1972233
1776774
1977597
2028213
1908504
