434
344
357
533
347
378
334
445
339
369
366
483
345
476
344
487
292
514
535
344
438
446
359
339
371
488
382
433
456
322
332
379
444
471
368
340
455
360
443
287
449
575
332
454
329
332
467
312
380
335
407
299
336
377
364
352
446
314
298
293
325
301
444
341
308
484
366
352
508
342
472
339
481
339
537
349
348
409
308
354
335
372
448
303
304
316
498
346
345
438
337
334
376
337
456
348
311
413
494
510
471
465
483
446
334
450
352
306
440
427
345
309
354
347
298
331
303
341
356
339
417
336
407
344
336
357
298
332
451
334
352
353
329
335
362
331
309
302
373
339
310
361
296
309
341
335
306
336
339
331
435
331
309
341
332
343
354
334
303
349
298
357
458
482
477
347
361
396
363
355
432
308
337
307
451
450
422
339
296
357
336
300
376
324
359
407
357
433
301
340
336
400
380
299
335
375
311
358
329
352
339
313
370
359
335
335
323
338
367
339
337
334
338
298
305
432
391
340
408
324
336
430
340
335
345
364
287
335
347
361
452
339
358
362
351
326
340
302
356
339
372
355
345
339
375
361
335
303
340
327
451
309
331
292
385
375
445
336
417
340
315
297
437
293
360
341
377
337
363
343
349
328
347
361
330
342
333
359
335
295
342
359
293
336
318
350
347
440
334
335
371
298
336
313
297
334
341
340
300
337
440
354
331
332
294
334
300
338
368
369
349
302
357
455
448
332
299
441
382
330
343
348
297
346
304
350
340
440
357
339
293
338
434
437
345
355
345
334
309
296
340
333
306
335
391
338
338
352
404
355
500
464
663
388
402
322
338
334
358
342
292
360
333
332
290
324
312
293
365
340
310
337
304
343
394
357
354
308
353
344
298
344
370
354
443
296
404
338
309
333
307
319
296
345
307
298
340
301
369
505
361
304
303
297
366
309
298
390
335
320
337
337
337
391
354
310
326
336
299
374
336
301
342
303
339
298
299
334
336
337
331
370
573
299
298
325
340
333
308
303
358
339
359
343
334
297
366
333
297
335
326
372
344
328
337
300
342
340
334
368
359
329
336
331
333
310
338
330
336
334
297
365
336
294
362
338
299
365
306
355
290
332
369
366
333
337
337
363
339
360
331
303
345
342
347
330
335
339
333
340
