87
88
88
84
81
93
95
77
88
87
79
88
80
79
90
80
81
90
86
81
80
81
80
78
86
87
88
80
86
87
88
81
91
79
85
90
91
89
93
78
85
89
86
84
87
85
87
88
89
86
86
88
89
86
91
90
83
80
90
89
83
87
87
89
90
90
96
88
80
89
80
89
89
88
99
80
87
85
87
88
86
87
87
85
90
88
88
87
88
84
75
85
86
90
78
90
87
89
80
71
81
89
81
80
79
90
87
86
98
81
88
86
78
88
79
87
138
90
87
90
142
84
91
88
88
89
153
88
89
99
90
106
140
97
95
89
96
101
80
88
82
88
93
138
85
85
90
85
111
80
108
87
90
79
91
84
78
90
86
85
96
78
92
88
102
98
80
143
98
79
78
87
89
89
87
80
85
90
89
96
80
100
99
78
96
159
83
79
75
99
98
80
81
89
101
88
89
86
81
78
82
85
78
89
78
83
80
87
81
88
82
88
79
87
80
77
80
88
88
89
73
72
86
85
88
86
77
81
80
80
90
155
80
86
80
87
80
78
86
81
80
89
87
85
71
100
85
96
96
89
79
96
82
91
85
80
87
90
89
81
81
89
91
80
81
86
78
86
80
81
79
89
78
97
97
84
89
91
87
89
87
89
89
89
88
87
95
87
81
85
80
86
88
81
79
89
81
88
81
86
80
93
84
78
86
81
87
89
79
81
75
80
89
78
156
81
81
78
78
79
78
80
91
78
82
90
96
81
80
88
80
78
79
82
89
81
89
79
87
90
80
80
77
88
79
87
94
83
86
80
85
82
77
82
88
88
81
96
79
87
85
81
90
91
78
81
95
88
90
89
79
79
86
97
79
80
90
88
81
88
87
79
80
86
87
80
81
87
85
78
84
81
88
80
93
86
90
80
87
88
80
87
92
79
79
80
81
78
86
85
88
77
80
93
80
80
79
93
81
80
88
79
87
80
88
75
94
79
80
80
79
102
80
86
78
80
111
106
101
87
99
90
89
90
86
86
88
88
86
86
80
81
78
97
81
80
86
81
87
92
81
86
87
80
86
80
81
81
85
79
427
81
83
89
89
95
86
87
81
92
78
80
95
91
79
87
102
81
97
81
96
86
78
87
82
79
87
80
91
81
