1391
1397
1991
1341
1403
1290
1464
1347
1420
1452
1276
1395
1301
1389
1571
1456
1368
1336
1399
1279
1341
1457
1332
1328
1443
1346
1353
1240
1305
1489
1440
1275
1292
1295
1372
1422
1256
1335
1306
1265
1297
1324
1422
1269
1280
1297
1348
1375
1320
1336
1271
1318
1311
1398
1343
1426
1301
1351
1368
1290
1430
1298
1387
1306
1332
1395
1270
1367
1328
1336
1306
1406
1273
1350
1291
1415
1234
1448
1303
1293
8860
1392
1412
1386
1370
1369
1296
1330
1366
1312
1350
1378
1349
1294
1387
1282
1321
1417
1438
1316
