90
89
94
98
85
86
105
85
80
91
87
90
97
90
86
87
97
86
91
87
94
87
92
78
93
81
81
86
86
86
79
86
82
95
87
86
88
89
88
81
77
89
86
93
80
88
86
95
78
82
81
81
82
84
88
80
80
89
79
95
83
80
81
90
88
94
91
81
85
86
83
88
87
90
87
81
83
83
90
86
86
80
87
81
87
93
84
81
88
88
87
90
87
81
81
79
86
88
86
89
77
81
83
81
89
81
80
89
80
87
80
83
80
80
90
84
92
95
74
80
84
83
82
89
83
95
83
86
90
80
83
88
88
91
80
93
87
87
97
121
80
80
88
100
80
85
89
87
80
80
80
84
82
80
81
84
95
80
84
90
80
81
83
87
86
87
80
90
83
93
86
80
80
80
86
87
84
89
87
79
80
87
87
89
87
87
89
87
82
87
85
94
79
90
84
78
88
90
86
85
97
86
84
90
81
81
80
94
77
81
87
88
81
88
89
94
86
89
78
88
86
79
80
83
87
81
87
87
80
87
83
84
83
88
86
86
80
91
80
90
84
85
81
86
93
86
89
81
80
80
80
86
89
87
93
87
87
78
87
79
80
87
80
81
80
83
88
73
84
81
73
87
73
68
97
81
88
87
80
88
88
94
80
86
87
81
88
87
90
85
79
90
88
81
86
86
78
87
79
86
79
80
94
83
80
98
81
80
87
96
94
89
84
82
89
87
88
87
86
80
85
84
93
80
81
86
80
103
81
85
86
84
102
84
103
79
81
81
84
82
91
87
87
75
85
82
89
86
83
80
84
91
85
86
89
78
81
89
80
78
87
87
90
79
81
85
82
93
86
87
87
79
83
85
88
87
78
92
83
87
91
87
84
86
99
79
80
87
80
86
87
83
80
85
90
87
80
87
86
80
87
88
81
88
87
87
79
85
87
88
87
87
80
87
87
79
87
80
83
87
89
81
87
85
79
88
88
86
82
88
81
80
84
80
79
80
80
79
98
88
85
80
81
88
86
79
85
88
88
87
80
87
84
91
84
88
88
80
80
87
78
88
92
87
86
93
80
79
81
83
88
82
79
87
81
87
85
84
87
88
80
86
81
88
88
81
88
88
78
82
81
102
86
80
80
89
87
80
87
78
