94
92
90
85
89
90
86
91
91
93
86
84
80
93
92
91
97
91
90
79
92
100
85
92
91
79
90
84
91
84
85
92
94
91
93
98
94
93
86
93
92
84
81
85
86
78
81
89
84
93
91
90
91
85
99
94
85
94
81
91
81
85
84
84
84
91
91
91
92
96
85
83
86
78
85
85
84
85
90
87
84
85
98
84
90
86
107
89
98
91
85
84
85
85
95
91
92
563
84
92
85
91
91
82
88
85
85
88
91
91
93
91
86
85
84
96
94
84
85
98
84
92
84
90
80
91
93
91
85
91
99
91
85
85
85
86
93
90
90
92
87
91
101
84
77
88
85
89
85
85
77
84
78
80
90
85
85
92
85
91
78
91
92
96
84
85
94
86
102
87
92
85
92
85
86
91
92
85
91
90
91
85
91
85
91
93
85
94
183
93
98
90
94
98
93
97
95
97
82
93
85
91
108
91
85
92
97
84
101
92
86
87
95
98
108
91
85
91
102
85
91
90
99
91
91
92
87
85
91
92
85
91
92
91
80
91
92
84
86
85
85
92
94
91
91
102
92
93
85
86
91
87
86
87
85
84
84
85
84
88
84
95
90
93
90
95
82
89
86
80
91
85
98
96
99
84
84
84
87
86
91
99
177
91
85
96
80
91
93
85
91
84
85
86
90
84
99
89
85
95
84
89
92
92
91
84
94
84
78
78
95
91
86
92
84
86
92
85
91
86
85
92
92
91
86
85
84
93
99
92
86
86
85
85
90
85
92
83
84
85
91
85
91
88
92
88
77
92
92
85
85
84
90
91
78
91
92
92
92
87
90
94
161
89
84
85
92
93
91
85
94
92
80
85
84
91
85
87
92
84
87
85
86
90
93
92
85
78
86
84
93
84
93
78
84
91
92
94
91
94
96
91
85
82
85
78
85
92
94
91
101
85
91
92
100
92
85
92
91
91
85
96
85
85
84
84
93
93
92
80
91
84
89
91
85
89
84
82
91
85
88
92
87
92
88
83
86
86
92
86
87
85
92
95
85
85
79
91
92
91
91
85
85
85
85
86
90
91
84
91
86
92
90
85
91
91
85
85
85
85
85
84
91
79
94
84
93
85
85
85
92
95
92
92
97
88
91
91
93
91
