500
536
448
466
492
503
453
517
658
454
495
431
485
486
476
494
474
520
497
490
480
499
465
452
460
499
466
546
529
487
501
497
491
451
513
466
521
453
487
515
501
453
499
478
464
459
493
520
468
447
607
518
480
454
480
500
551
457
528
474
589
469
452
534
463
515
478
520
459
449
471
459
497
496
490
462
504
468
500
529
458
498
458
458
502
510
449
479
502
464
446
452
457
462
459
472
452
482
583
524
453
505
453
631
456
454
447
485
497
517
487
460
454
487
490
487
505
456
492
495
491
459
515
469
471
456
517
463
461
520
504
451
511
488
503
498
449
451
509
806
512
521
561
486
449
456
457
487
443
456
461
494
489
493
462
488
470
504
471
494
451
445
496
450
526
461
511
460
575
672
489
462
517
498
490
504
500
455
468
515
730
533
506
507
467
513
461
449
587
497
524
511
488
487
506
515
462
472
486
453
453
541
662
516
458
514
502
490
488
843
471
847
455
537
501
470
511
484
962
852
962
1466
538
540
508
582
879
537
461
515
705
467
508
778
524
525
488
579
469
596
530
491
577
751
460
467
501
672
598
535
494
521
465
452
458
561
521
496
464
468
497
491
460
528
494
451
640
829
486
528
492
505
505
454
464
858
511
517
848
510
551
472
536
465
492
859
646
489
478
522
774
493
494
498
460
506
455
749
452
468
488
577
498
457
482
526
498
512
528
457
509
468
514
454
463
495
489
494
447
458
440
461
462
495
458
502
450
455
499
458
473
458
516
524
574
523
494
494
489
484
491
458
490
491
511
452
458
587
491
457
453
505
496
465
462
503
462
494
483
470
495
504
505
508
510
485
511
518
451
496
594
591
458
466
525
496
463
484
504
569
453
504
500
460
456
466
746
497
493
846
506
465
459
498
458
574
517
474
488
491
542
512
465
460
458
469
466
519
470
513
497
490
515
641
467
497
514
513
651
507
456
463
495
518
495
506
499
495
593
527
458
580
464
893
832
559
690
505
511
513
526
528
495
494
449
529
525
493
459
504
446
497
492
491
511
467
505
530
492
457
456
477
486
464
822
589
456
452
446
463
458
575
533
523
509
482
534
899
464
513
461
455
616
515
496
463
452
774
461
492
492
480
491
501
463
474
461
455
465
489
