700
659
638
651
722
652
686
644
667
1241
645
654
606
619
732
680
723
889
613
737
740
1198
686
752
612
801
699
646
672
629
675
607
606
610
718
669
695
677
622
627
616
673
646
610
671
651
691
1132
619
606
673
626
1272
758
755
677
640
756
686
753
934
669
769
818
860
604
613
595
654
670
682
661
707
660
643
728
643
692
675
612
810
670
629
1128
647
646
1018
666
632
654
675
766
723
643
653
719
747
650
736
652
780
609
614
637
655
698
655
654
606
637
647
601
1005
673
652
655
612
653
656
711
619
649
639
692
683
675
645
658
749
659
614
749
659
692
632
744
635
661
753
613
639
689
646
630
687
672
657
658
678
770
680
680
659
665
729
708
675
617
702
645
687
611
673
617
605
648
657
771
618
784
746
647
603
662
640
621
662
601
635
610
677
807
610
607
606
608
627
733
671
670
618
648
634
713
640
615
672
653
652
1608
756
731
606
620
659
604
641
608
761
651
598
666
698
653
665
665
647
647
650
730
706
648
689
693
761
663
649
678
637
705
663
660
782
654
720
686
705
629
674
620
621
812
653
1199
690
628
611
655
651
601
750
736
616
808
632
681
613
1401
736
640
588
622
679
752
628
646
664
638
787
612
613
667
941
765
850
709
657
602
785
673
653
661
660
641
636
725
745
760
748
636
646
819
665
654
653
621
671
650
698
732
658
736
680
630
612
685
658
637
650
650
652
720
737
648
615
600
619
714
626
747
642
606
611
670
655
617
650
641
724
647
607
670
646
657
635
685
595
657
728
652
660
656
615
656
679
756
693
660
637
656
804
641
642
661
605
625
644
651
711
618
606
687
720
671
812
671
670
616
651
666
664
606
639
829
745
648
740
648
687
704
750
652
661
668
740
613
666
644
633
615
677
687
606
639
660
652
714
635
676
669
684
648
648
608
658
699
651
666
692
777
702
651
679
762
648
673
661
659
660
624
611
618
608
780
610
668
702
650
652
656
611
616
600
647
716
651
665
613
682
652
624
748
662
618
621
690
672
649
594
650
654
613
642
645
774
618
608
643
656
651
674
670
654
604
687
653
607
657
612
641
670
709
696
608
608
649
681
661
659
611
745
663
650
677
637
642
640
674
643
662
656
653
608
663
654
701
638
642
699
627
