1674
3526
1721
1595
1742
1683
1678
1646
1753
1824
1593
1655
1631
3446
1651
1715
1652
1612
1792
1691
1650
1685
1731
1682
1678
1649
3608
1656
3477
1742
1667
1690
1710
1638
1741
1684
1655
1639
3566
1743
1641
1712
1590
1641
1621
1610
1627
1668
1592
1620
3537
1645
1673
1650
1663
1621
1631
1637
1600
1703
1782
1665
1717
1656
1680
2890
1652
1728
1653
1593
1876
1684
1656
3530
1798
1682
1699
1726
1660
3565
3538
1628
3540
1634
1685
1695
1646
1638
1732
1681
1726
1646
1620
3485
1793
1667
1681
1788
1637
1689
1643
1651
1599
1693
1687
1666
1642
1700
1593
1673
1864
1819
1720
1576
1631
1642
1596
3616
1705
1702
1746
1657
1688
1649
1660
1644
3813
1605
3404
1622
1674
1676
1645
1635
1715
1626
1696
1614
1630
1614
3447
1703
3509
1770
1737
1635
1625
1596
1813
1624
1668
1558
1590
3383
1627
1740
1640
1617
1919
1623
1627
1626
1694
1834
1686
3642
1568
1681
1678
1802
1705
1655
1697
1703
3481
3423
3573
1627
1639
1731
1671
1655
1665
1663
1760
1604
1659
3404
3437
1692
1673
1653
1680
1646
1673
1605
1621
1702
1611
1681
1672
1707
1694
2890
1570
1690
1619
1621
1648
1834
1675
1672
1640
1794
1804
1826
1659
1632
1623
1630
1578
1676
1674
1641
1675
1969
2935
3484
1702
3396
1627
1610
3724
3434
1661
1738
1700
1749
1716
1651
1604
1619
1613
1713
1649
1599
1708
1629
1815
1629
1542
1695
1664
1652
1601
1724
1634
1610
1787
3651
1735
1658
1632
2983
1631
1659
1713
1623
1641
1736
1666
1700
1625
1686
3604
1623
1732
1660
1829
1686
1658
1841
1841
3450
1679
1649
1714
1619
1631
1629
1650
1640
1662
1657
1639
1708
1624
1640
1635
1629
1661
2133
1695
1601
1564
1704
1649
1636
3609
1677
1758
1656
1646
1686
1636
1637
1684
1636
1654
1732
1729
1712
1656
1748
1698
3535
3656
1632
2868
1655
3449
1722
1863
1679
1705
2859
1783
1635
1587
1610
1770
1635
1657
1730
3620
1694
1639
1703
1576
1604
1623
1605
1666
1680
1663
3568
1651
1621
1701
1820
1845
1619
1638
1607
1612
1658
1643
3382
1646
1662
1689
1630
1686
3489
3452
1709
1628
1683
3493
1946
1605
1664
1638
1643
1764
1614
1603
1705
1654
1697
3664
1607
10435
2305
1696
1763
1825
1637
1709
1768
1558
1626
1687
1780
1728
1649
1695
1656
1638
1644
1655
1623
1687
3454
1674
1690
1729
1643
1730
1676
1661
1610
1613
1644
1599
1603
3652
1700
1676
1723
1655
1696
1676
1720
1679
1791
1649
1625
1737
3450
1712
1685
1605
1662
1696
1878
1624
1711
1728
1605
1662
1662
1693
1673
1687
1671
1659
1697
1624
1644
1630
1671
1661
3444
1616
1653
1610
3485
3555
1734
3742
1724
1760
3549
1652
1726
3568
3151
1844
1954
3565
3435
1802
1676
1884
1699
1705
1627
1583
1673
1664
1646
1687
1652
1810
1613
1674
1688
1635
2473
