1187
1222
1129
1165
1229
1117
1188
1218
1314
1309
1190
1191
1272
1360
1116
1330
1117
1179
1136
1172
1135
1174
1198
1140
1121
1238
1147
1216
1193
1206
1216
1186
1086
1121
1131
1175
1167
1209
1193
1212
1125
1118
1170
1175
1308
1173
1120
1203
1131
1124
1187
1135
1134
1148
1190
1298
1136
1143
1247
1207
1189
1153
1132
1203
1314
1301
1270
1174
1174
1103
1182
1230
1132
1125
1157
1186
1135
1166
1146
1199
1144
1241
1115
1213
1108
1155
1208
4211
1120
1188
1253
1169
1058
1086
1176
1168
1121
1280
1169
1144
