102
101
94
86
87
165
100
105
99
88
87
99
98
106
95
98
87
88
127
87
94
87
87
86
88
85
85
91
80
93
88
85
91
87
80
86
96
98
87
88
87
80
79
88
89
97
85
93
86
88
89
93
90
91
87
89
90
89
90
89
98
82
84
92
84
89
80
79
88
87
79
86
84
88
88
94
81
88
92
84
87
89
85
87
72
84
87
89
88
80
87
89
81
83
90
87
92
84
88
80
86
92
88
81
86
94
94
81
87
80
81
86
80
101
87
87
86
79
80
88
85
81
91
84
88
90
87
88
85
95
90
90
78
84
87
91
81
92
99
90
86
95
81
81
91
87
87
93
88
86
92
80
78
87
80
87
81
86
86
80
87
86
95
87
85
89
89
87
80
87
81
88
80
79
78
81
95
87
81
93
93
87
86
87
82
84
89
81
86
82
89
80
74
100
81
87
96
86
86
95
89
78
85
86
86
86
79
89
79
88
91
87
86
96
92
80
88
94
87
82
88
80
80
89
93
86
78
87
79
85
89
84
87
80
78
85
80
87
89
87
86
96
87
80
88
85
95
89
79
86
93
84
86
89
80
78
89
80
89
79
84
94
86
86
86
87
80
86
82
79
87
87
90
80
87
85
87
90
78
86
84
81
86
80
88
87
87
93
87
87
88
87
79
91
86
80
94
87
106
95
90
87
84
80
81
81
87
93
87
86
86
80
94
80
79
87
80
86
93
89
99
94
89
86
84
87
85
88
88
85
86
95
87
87
67
87
87
79
87
98
94
84
65
89
75
85
81
91
92
87
92
87
90
79
79
90
87
87
92
93
87
101
86
86
86
86
89
80
91
87
79
87
87
88
87
89
90
87
87
79
93
86
91
88
89
88
94
78
91
87
87
85
94
88
88
97
77
96
86
90
90
79
87
88
95
78
90
83
94
93
86
90
87
78
89
86
80
77
80
92
86
72
92
91
80
78
87
88
81
82
87
77
86
81
80
86
87
86
87
81
87
89
86
88
84
85
82
87
84
87
86
81
87
84
86
87
87
81
80
89
82
99
81
86
80
81
86
86
80
92
87
88
87
87
92
80
93
97
86
85
80
92
87
82
88
88
94
86
82
97
88
78
88
80
94
81
87
151
86
80
