92
91
101
95
96
102
106
94
90
104
81
78
94
93
101
94
104
84
95
94
96
93
95
95
92
94
100
87
86
89
96
93
98
85
89
93
94
96
90
97
100
84
98
99
84
92
83
94
96
97
94
86
85
84
100
80
86
91
95
87
93
97
79
86
86
88
96
79
85
85
85
85
85
94
94
94
124
106
94
93
93
94
85
88
85
94
95
105
93
91
92
98
79
107
86
94
86
91
94
90
97
85
94
82
84
91
85
87
103
100
86
84
96
96
97
94
101
84
89
97
95
93
96
98
84
85
84
85
78
99
95
85
84
94
85
86
85
98
84
91
86
85
88
86
85
85
93
94
95
85
94
84
84
86
97
90
85
85
95
106
102
85
98
93
100
83
93
79
79
97
86
85
91
107
93
85
107
101
106
97
93
85
95
81
104
96
84
84
86
85
91
96
95
93
95
92
94
87
89
93
84
84
94
93
94
85
94
97
94
96
91
86
102
86
86
78
85
90
83
96
84
86
94
87
98
85
79
84
95
85
93
100
87
86
80
85
92
86
95
93
94
93
84
98
93
93
93
85
94
96
84
94
91
94
87
85
93
94
95
94
85
95
93
93
84
96
94
90
91
97
95
95
85
99
94
93
93
85
85
94
84
85
103
87
86
93
95
92
93
97
86
85
99
88
89
86
94
120
91
92
94
85
94
152
80
93
84
84
88
89
92
85
104
85
96
86
99
94
91
95
93
95
85
102
85
93
86
93
94
100
93
86
85
82
95
87
85
86
94
95
100
86
93
97
93
97
95
88
93
87
94
105
85
86
89
93
86
96
95
85
85
85
94
86
88
91
93
86
99
105
94
94
103
94
77
94
76
87
93
87
78
91
100
87
104
95
98
86
84
94
94
85
102
101
93
86
92
85
92
81
85
84
92
86
84
94
93
94
88
95
92
84
88
92
85
85
93
92
83
87
80
91
79
85
92
91
91
84
93
96
95
104
85
87
85
98
85
86
78
88
95
85
75
94
95
106
98
88
101
93
84
92
83
95
87
86
86
84
97
92
89
79
78
85
97
84
94
94
84
84
85
94
85
95
93
87
90
99
94
102
94
88
90
89
94
87
94
93
85
95
91
94
96
91
84
101
84
85
94
93
