1538
1639
1541
1518
1486
1465
1460
1592
1497
1497
1601
1546
1686
1503
1619
1498
1450
1589
1568
1466
1688
1746
1613
1575
1499
1593
1463
1647
1501
1643
1592
1436
1705
1502
1515
1493
1561
1527
1500
1505
1522
1468
1689
1503
1678
1573
1442
1466
1484
1430
1547
1568
1506
1553
1493
1541
1563
1478
1448
1487
1530
1497
1432
1472
1516
1416
1529
1493
1542
1472
1487
1529
1456
1527
1507
1563
1496
1526
1514
1431
1465
1526
1478
1599
1597
1552
1489
1538
1787
1413
1432
1442
1483
1495
4568
1486
1523
1472
1467
1525
