1659
1725
1644
1803
1806
1684
1637
1694
1561
1608
1655
1655
1625
1672
1632
1625
1665
1791
1698
1635
1638
1656
1725
1668
1636
1644
1659
1722
1630
1627
1655
1731
1670
1611
1618
1610
1722
1690
1655
1598
1675
1650
1673
1655
1677
3106
1653
1590
1767
1659
1664
1655
1681
1630
1695
1673
1674
1669
1736
1668
1662
1676
1662
1618
1634
1624
1637
1617
1634
1625
1647
1621
1654
1700
1620
1714
1662
1654
1693
1622
1764
1661
1721
1651
1681
1807
1684
1621
1609
1728
1743
1635
1639
1612
1648
1700
1625
1635
1681
1698
