12553
12490
12725
12329
12425
12891
12948
13682
12945
14175
12991
13043
12458
13606
13312
13207
13099
13612
13035
11726
13156
12656
12884
14042
13678
13431
13369
12624
12594
11668
12197
13105
13169
13493
13107
12895
12444
12637
13244
13782
13060
12568
13184
17863
17752
13354
13548
13567
13107
13140
13323
17418
12907
13417
12799
13692
13890
12782
13063
12871
12420
11954
13208
51666
13753
12728
16366
13893
12119
12631
12034
12681
12650
12340
12557
13095
12703
13025
12822
13255
13161
13653
12871
13386
12532
13090
12004
11650
13762
13321
12571
12374
12495
13148
12270
11666
12191
11771
12662
12531
12668
13963
13837
12927
12746
13388
12816
13323
12531
13236
12626
11671
12575
12314
12647
13733
13432
13282
12136
15107
12835
12329
11812
13331
12432
13094
15045
12307
12993
13338
13518
13118
13863
13296
12930
12504
12818
13205
12791
12555
12282
13152
11820
12362
12250
12339
13784
12708
12529
12871
13331
12921
13433
12747
12867
12886
13497
16277
14375
18994
18741
19579
20059
17984
16888
12372
14020
12553
13388
17928
15070
13796
13440
12391
16918
14914
13296
14396
13978
14575
14165
18487
13214
13901
14037
14067
14124
13525
14453
14489
13379
15722
18410
13576
13538
18724
14388
13779
14443
13195
13439
14833
15072
13859
13013
13798
13928
12377
12607
13280
13107
13696
13049
13620
12840
11823
13304
12360
11754
12817
13061
12420
13578
13575
12631
12722
12379
12057
12516
12998
11626
11612
13616
13375
12168
12568
12431
12750
12822
11591
11998
11556
13052
13101
12956
12820
11758
12784
13261
12663
11948
12743
11995
13844
12930
13440
12413
12754
13335
11724
12242
11962
14755
14112
12625
12690
13256
12581
12570
13424
12710
12839
12486
12142
12625
12485
14043
12154
12478
13265
13148
12480
13332
13025
13412
13356
13648
12836
12500
12555
12490
12849
11978
11894
13636
13628
13019
12898
12523
12742
12875
11714
13610
13089
13036
13445
13100
12482
13247
12253
12777
12367
12824
13712
13258
13932
12906
12709
13035
13146
13005
12214
13004
13689
14089
12976
11725
12347
13512
12459
13102
13417
12342
13165
12862
13166
13251
12032
11984
12738
13414
13391
12645
12964
12521
11989
13127
12316
12222
12298
13047
14156
12182
13570
13156
12312
12936
12846
12353
13342
13195
13308
12588
13172
12158
11853
12656
13230
13203
13315
12963
13674
13773
13282
12111
16377
12618
13027
13687
12922
12245
12656
12448
12711
13681
12652
13784
12367
12223
12154
12665
12652
11776
12783
13198
13513
13870
13026
13648
13922
12982
13867
13454
13537
11818
12758
12468
13148
11870
12658
13825
12370
11736
12352
11969
12601
12968
12974
12827
12958
16483
12287
12577
11494
12929
12387
36053
13900
13232
13151
12653
11811
12263
12346
13205
13053
12680
13272
12367
12805
11923
12289
12414
12443
12976
14434
14162
13193
13691
12936
13154
14785
13437
13338
13644
12509
13399
13632
12819
12710
12865
13041
12854
12982
13657
12826
14019
13498
13662
12370
13623
13646
11799
13299
12949
12569
12687
14028
13869
12620
13045
13901
12470
12565
12970
12351
12881
13330
14051
18181
12481
13224
13841
14062
12536
14023
13315
13001
13181
12743
