11826
10801
11553
11104
10929
11100
9832
10829
10485
10474
10640
10127
11119
10806
11072
11028
10932
10665
11101
10937
10381
10853
10867
11636
10529
11072
10099
10087
9690
11405
10799
11527
11516
9964
10581
10481
10599
11207
10928
9688
11135
11942
10721
10842
10055
9760
10869
10805
11249
11457
10644
10718
10934
11339
10711
11140
10767
10655
10547
10539
10648
10207
10836
11137
10484
10469
11743
13776
9978
11172
10279
10825
10520
10945
11397
10613
10531
11291
10461
10419
10600
11293
11065
11815
10988
10841
10791
11928
11252
10719
10139
10604
10513
10459
11073
11665
9826
11497
10319
10662
11363
11243
9932
10701
10941
11117
10630
10407
9834
11513
10539
10493
10908
10517
10732
10441
10394
10558
10533
14740
10778
10719
11167
10676
14679
15685
12872
13791
11858
13476
12785
11946
12568
13087
14620
16024
13011
12795
11244
11901
15198
11786
15553
15391
15203
11973
15163
14635
11464
12679
13222
15999
11466
11593
13432
11934
13357
12911
13247
13116
13000
12522
13864
15334
11978
12615
11918
12173
10933
11244
11257
12523
10871
11224
11707
10963
11490
11051
11000
11029
11523
11538
11198
9851
10797
11525
15135
15544
11735
13612
11533
14098
10568
10522
15419
15895
15482
15772
15138
15713
14613
13528
12693
11892
12002
12838
11276
14684
12714
11489
15347
15308
15351
15044
14090
10828
10282
11272
11619
10839
11053
11300
11354
11362
11692
11525
11036
11261
10301
11662
10923
10575
11452
10443
14312
10976
10854
10508
11516
11791
10895
10279
10428
9825
11104
11123
11109
10532
11143
10790
11462
10218
10902
11304
10617
14342
10478
11281
10903
10693
11283
11697
13588
11132
10832
11219
11919
10629
10471
10868
10961
11043
10516
11287
11843
10202
10202
10829
11575
10849
9947
10047
11263
11327
11100
11263
9968
9728
13532
11157
11128
11124
10768
10297
10772
13002
10223
10421
10342
11258
10779
13137
10621
10673
9763
10951
10826
10355
11081
10940
10537
10873
10469
10724
11172
10056
10454
10013
10868
10859
10124
11330
11595
11359
10567
10271
11583
10971
11410
10724
10783
14150
10933
10911
10406
11012
11498
11330
10293
10272
10511
53889
10824
10129
10673
10075
10517
10573
10758
9769
10262
11284
10397
11254
11594
10604
10701
11121
11822
10739
11888
10712
10807
10739
10807
10238
10966
10841
10723
11576
10706
10325
10554
10139
10659
11165
11286
10124
11200
10442
10516
11050
10043
10651
11206
10858
10549
10033
11661
11586
10642
13909
15490
12636
11014
10252
10718
11514
10400
11598
10617
10602
11719
11457
11094
10830
10573
11107
12140
10513
10465
11257
11936
10764
10398
10987
11210
11688
11234
10554
10374
11017
11334
11607
10834
10436
10799
10784
11046
10505
11120
11378
11136
10500
10601
9977
11514
11937
11389
10607
9888
10790
10877
10938
11014
11518
11633
10265
11148
10809
10974
10496
10212
11100
10983
11020
10314
11142
10633
10401
10328
11097
10391
10934
10326
9892
11155
10513
10517
11838
10991
11113
11058
11347
10497
11401
10933
11802
11188
10667
10977
10690
10531
10579
11246
10612
11845
10552
10250
9839
10676
10685
10266
11764
11826
12310
10716
13932
11002
10664
