9292
8778
8929
9693
9714
9232
11106
9346
9538
10026
10017
9908
9653
9341
9471
9801
9980
8944
9528
9818
11129
9870
9968
9051
9395
9789
10547
10675
10076
9323
9446
8806
12112
9823
8691
9377
8892
9712
12060
9867
10829
8686
9317
9460
9715
9302
8786
9266
9210
8844
8959
8117
9157
8709
8334
8243
8735
8438
8624
10056
9661
11421
9003
8774
9105
9618
8584
8956
8691
8290
9482
8535
8851
9077
9088
8641
8083
8280
9246
8453
11445
8334
9148
8548
9247
8815
8994
9063
9475
8698
9157
9499
8910
8400
9161
8656
9025
9159
8471
8783
8257
8531
8515
8285
8550
8676
8176
8472
8366
8508
8173
8063
8221
8842
8720
8075
8802
7819
8120
8690
8403
8581
18961
8684
7991
9340
8617
8549
8248
8573
8639
9014
8490
8664
9364
8344
8477
9162
8534
8738
8116
8180
8213
8257
7620
8055
8115
8844
8620
9307
8668
8053
8599
8304
10603
9393
8958
8666
8643
9017
8415
8320
8332
8696
8482
8468
8616
8747
8210
9121
8991
8240
9172
8460
8794
9360
8558
9277
8173
8331
9237
9233
8790
8696
8523
8282
8414
8378
8838
8988
9046
8427
8951
8734
8067
8846
9250
8167
8159
9033
8506
8307
8430
9036
8584
8182
8319
8901
8219
8861
8899
8954
8195
8283
8282
9165
8810
8518
8363
9078
8246
8468
8486
8344
8745
8661
8986
9468
8513
9143
8342
8686
8474
8600
7773
9159
8270
8513
9271
8614
8059
9050
8355
8831
8424
8674
8174
8651
8838
8651
7893
7809
8282
9202
8848
8727
8202
10849
8573
8460
9378
8686
9415
8704
8502
8916
8902
8719
8273
8107
8296
8997
9176
8357
8314
8201
7894
9038
11578
11670
12287
12153
12352
12576
11867
12098
9459
12605
12181
12914
12605
13045
12642
13168
12839
12646
12713
12755
12069
12094
9175
13709
12197
13012
9721
9648
11682
10198
9823
10472
9448
9053
9374
9755
12081
9486
9568
10031
10514
12051
10999
10407
9464
8702
9918
12035
10322
10498
9380
11184
11710
10042
9447
10023
8777
11978
9428
11972
10873
9622
9940
11532
9575
8787
9319
8876
9463
9571
9833
10200
8130
8745
9236
8230
9311
8638
8768
9968
8370
9384
8879
8696
8638
8789
8146
8283
8828
8943
8964
9172
8305
8554
8864
8211
8628
7722
8549
8184
8355
8066
7754
9108
9131
8092
8235
8844
9235
8878
8799
8607
8524
8318
8750
8498
9335
8297
8503
8734
8384
8156
8328
8345
7686
8431
7864
9006
8528
8740
8330
8799
8171
8746
9166
9087
8616
8617
8259
8403
8643
7718
8552
8839
8767
8421
8375
9224
8704
8818
8455
9023
8864
8886
8691
8172
8735
8099
8355
8537
7773
8945
8558
8694
8286
7713
8171
9338
8697
8255
8955
8507
9306
9370
8757
8353
8438
8658
8855
8168
8817
8275
8577
8565
8770
8415
7908
8240
8182
8381
9318
10793
10202
8685
9373
11443
8299
8950
9342
11425
8626
8314
10935
9239
8758
9299
8369
8121
9226
9123
8367
9991
8142
8729
8303
9109
8350
8304
8238
8753
8890
11312
