30986
25418
22598
22793
23169
22519
21094
22858
18579
19386
21576
20153
19465
23284
18893
19049
25816
22972
19736
27118
24827
21751
60200
27741
21863
22566
20723
19628
34901
27979
21783
23949
21359
20561
19238
19268
20489
17474
20187
19546
18539
20161
20289
18343
21294
19754
19298
18910
20001
20487
19959
19961
20300
19945
17723
24129
24063
19156
19750
19185
18382
18687
19686
19923
19013
20180
20322
18709
21407
23703
28239
22633
21761
29020
19896
24444
29986
20738
24781
23247
26041
23117
23605
23229
29296
29556
28360
22305
22521
20497
21758
22027
19852
19478
20561
18963
19950
20758
19013
20745
19703
20747
19012
18291
19183
19078
19624
19415
19381
19838
19582
19722
19914
18781
19454
18613
18754
20490
19121
20417
20984
19349
18297
20295
20375
20458
18238
19011
19933
19557
17850
19148
19116
20544
26972
21032
29235
20544
23692
24679
29138
23494
27132
23107
28025
30847
27699
28899
28858
29920
29858
28996
29724
30484
29040
28129
28999
24104
30891
29070
29528
26976
27287
31502
24669
31245
20551
22645
50983
23114
22022
22194
28481
23689
20193
29594
20608
24314
25457
29101
24940
31169
29795
26075
23711
59680
24814
22419
24976
25018
25758
28748
25028
22826
30233
25460
28671
24408
22294
24040
22597
22401
27816
22178
21428
20667
23052
25370
21440
20760
21193
27908
21586
21038
20871
22452
32775
22458
22204
28397
22058
21336
22140
24700
21893
22295
23304
25726
21469
21530
20253
19610
19137
20952
19858
17459
18632
20406
19548
19780
19044
20912
20120
18320
19073
18948
18642
20701
19129
20514
20838
20354
19943
21502
21756
24182
25772
21154
28111
23135
22104
20216
21854
22316
25611
21630
21461
27933
21247
21021
25819
19813
20382
20772
25724
22709
21089
20584
19878
20230
20769
20343
19694
20102
19008
19535
19218
20200
18723
43300
19675
19926
18400
20972
19487
19925
20545
19955
20059
24808
19289
25672
22507
28203
21600
20329
22137
23025
28429
24358
30593
25178
24566
24026
23814
25625
30160
24620
30979
22763
27625
21549
21962
21872
26354
23927
21543
21575
21342
64072
23476
22203
22034
27973
22446
21873
23162
20545
21782
20750
26559
21949
21349
21617
22154
22768
21425
25380
21646
21117
21321
21340
22263
19428
21806
21750
20906
21153
28907
28909
31997
24294
21836
28790
27047
21409
22256
25904
20718
21244
24176
21353
22827
21231
22292
22036
22304
23455
26747
23095
21907
23562
23086
23131
28769
22689
22821
22606
25971
21369
21706
21790
21100
23272
21002
20664
22448
23290
22284
19760
22312
20693
21183
22756
23598
21469
28969
23046
22422
31142
24618
28010
24850
31213
29385
24069
30211
28759
31138
28985
23094
22825
27926
22717
21539
20877
20436
19971
19754
20149
24369
21885
27273
26956
25842
27379
27538
22959
26387
24121
22999
22429
21993
23588
22522
20079
18671
20607
19990
20114
19299
19516
19938
20458
20023
21084
19317
20356
19860
19717
20869
23903
21096
22907
22605
21553
27023
27063
25967
22820
22266
21716
20567
20960
23329
20678
20654
20630
20523
20516
20994
21118
18781
20484
18772
20181
18968
19940
20926
19968
27399
22650
27926
29091
24877
24037
31939
31184
30094
34424
