6381
7350
6810
6221
7109
7534
6640
7335
6448
6707
7833
7077
9016
8956
6650
9341
6888
7303
6669
7731
7069
8106
7127
7490
7040
9619
7221
7246
7091
7028
7032
7179
6606
7079
6607
6695
6611
6965
8820
7363
7178
6650
7115
6880
6706
6213
6711
6360
6657
6678
9099
6582
8711
6244
6624
6846
6221
6866
6609
6228
6864
6606
9069
9076
9164
6627
6727
6590
7466
6502
6821
6955
6516
6653
7123
6157
7668
6829
7011
7175
6165
7339
6429
6240
7157
6854
6476
7182
6831
6839
6613
6807
6540
7056
6895
6658
6521
7563
6781
6776
7569
6244
7463
6264
6677
7551
6966
6239
6726
6571
7020
6550
6323
6989
9054
6972
6164
6938
7899
6182
8777
6737
6958
7392
6669
6882
6602
6757
19488
6996
8866
7461
7327
7138
6756
7624
7881
8604
7982
9771
8110
6849
6593
9873
7442
6627
7311
7568
9076
6756
7373
8192
7077
7304
7150
8477
7300
8271
7412
7262
7400
7574
7995
7329
7365
6697
9133
8165
7049
7580
7154
6916
7002
7492
7112
7360
8006
7145
7154
7229
7163
6619
6875
9753
7713
7221
7861
6858
7510
7401
7390
8661
9158
7028
7610
7076
7800
6498
7289
6711
8018
9342
7417
7248
7144
7225
7968
7151
6653
7039
9670
8287
6558
7115
6507
7838
7124
6739
7969
7502
8650
7732
7105
7753
7064
7421
8034
9030
8855
9516
7147
7669
7422
7327
6561
7302
7773
9515
9381
8070
10835
7144
7149
7588
7001
7334
9630
7627
7424
7259
7250
7073
7052
7420
7775
9090
7768
7097
6654
7074
7509
7388
7120
7265
8828
8047
7775
7221
7400
7641
7159
7346
8413
7161
7599
7777
7306
7169
7142
7246
7716
8084
9068
7469
7704
7559
8159
7471
7454
7223
7186
9249
7302
7340
6675
6838
7335
8060
7213
7628
9174
12659
7672
7178
7630
7581
7547
7852
7617
7855
7055
7926
7591
7639
7231
6740
8955
7463
9092
7278
7762
6705
7320
7359
6657
7864
9938
7438
8017
7071
7422
7119
8234
6823
7262
15663
9643
7823
7688
7958
9899
9834
9815
10303
10988
10140
10350
10413
10384
7561
8200
10794
9324
7714
10516
7807
7131
8205
7035
7725
8171
9337
9668
10777
7650
7682
8288
7334
7203
6769
8054
7967
9633
7817
7028
7924
9884
8623
8817
7491
9887
8600
7730
8574
7219
7093
7285
10589
9598
8737
7929
7685
7863
7628
7156
7045
8069
10480
8169
7523
7639
7129
8165
9514
8058
9978
7555
7256
8672
7260
7961
7119
7944
9052
8653
7682
7749
8070
7115
7431
7833
9597
9763
8286
7938
7122
7901
7787
27826
8077
8452
8034
7614
7264
7899
7453
7130
7648
7414
7230
7128
7441
8086
7875
7017
6823
7816
7670
7748
7713
7607
7171
7748
6668
6669
9516
8009
7159
7094
7683
6607
7422
7744
6744
7451
9383
7124
7411
7598
7521
7503
7677
7177
8536
9263
8114
7878
7436
7179
7936
7686
8043
8106
7981
7997
7038
7380
6846
7142
7228
6638
8579
7043
7362
7290
7260
7192
6885
7723
7339
