4228
4250
4535
4815
4292
4466
4819
4930
4623
4891
4799
4976
5068
4445
4449
4513
4723
4206
5049
4963
4644
4531
4844
4565
4770
4939
4514
4801
4489
4495
4489
4328
4241
4912
4422
4227
4201
4342
4833
4478
4907
4639
4412
4951
4706
4605
4513
4509
4272
4465
4705
4671
4758
4325
4585
4164
4277
4410
4483
4222
4297
4496
4491
5338
4544
4221
4287
4235
4491
4443
4577
4879
4450
4810
4487
4966
4743
4457
4518
5000
4164
4577
4453
5059
4244
4479
4847
4928
4451
5094
4652
5120
4197
4421
4622
4773
5116
4213
4256
6919
5138
4709
4659
4227
4725
4661
4508
4233
4212
4634
4518
4563
4959
4911
4444
4470
4250
4687
4876
4835
4318
5083
4487
4539
4529
4529
4385
4802
4821
4559
4625
6025
4926
4796
5252
5070
4665
4451
5034
4526
4295
4609
4474
4735
4653
4523
4310
4567
4539
4280
4825
4503
4229
4577
4656
4872
4187
4383
4466
4149
4687
4254
4687
4212
4314
4578
4492
4920
4573
4640
4191
4676
5044
4597
4310
6173
5822
5044
4517
4935
5104
4600
6072
4862
5017
4327
4681
4262
4728
4549
4713
4718
4153
4384
4233
4219
4525
4380
4398
4693
4209
4465
5101
4253
4693
4265
4309
4558
4469
4354
4364
4576
4241
4179
4393
4275
4225
4200
4471
5206
4471
4683
5775
5003
5409
4185
4291
4224
4626
4214
4697
5911
4852
4809
5010
6192
4779
5499
4820
6680
6432
6909
6476
6039
6784
6717
6718
6475
6715
6550
6614
6397
6874
6635
6615
5378
5248
5362
4755
4852
5369
5381
6601
5309
5410
6688
5498
5773
7618
5267
6449
4935
5185
6369
5377
5041
6262
4974
5556
5073
5460
4985
6217
5828
5219
5266
5034
6776
6612
5520
5355
5143
4800
5202
5390
4962
6830
6924
5225
6707
5737
5402
5081
4861
5367
5779
5556
5508
4763
5944
5811
6977
5121
5582
5833
5228
5335
5564
4852
5193
5244
5254
6426
5405
7521
5572
5200
4794
5599
5287
5237
5734
4962
4840
5300
6143
6947
6907
5476
5680
5915
5530
5371
5848
5897
5046
5082
4825
5381
6600
5193
6614
5546
5381
5410
6337
5502
5156
5029
5446
6084
4832
4993
5844
5359
4794
4830
5086
5373
5295
4786
5170
5478
4781
5306
5394
5386
5043
5286
5412
4844
5169
4900
5001
5422
5412
4949
4974
4914
5390
5028
4932
4860
5026
5064
4512
5090
4818
5089
4498
4924
4561
4450
4995
4992
4976
5035
4526
4516
4948
4457
4864
4664
4538
4547
4538
4708
4853
5017
4973
4937
4861
4585
4827
4432
4257
4504
4524
5464
5043
4874
4952
4516
5028
4704
4809
4557
4735
4677
4601
4214
4154
4472
4230
4523
4648
4671
4499
4841
4568
4704
4631
4465
5146
4704
4537
4985
4463
4858
4705
4392
5127
4740
4685
4204
4880
4956
4708
4560
4424
4460
4527
4701
4352
4816
5072
4656
4662
4549
5020
5174
4212
4882
4850
4427
4475
4441
4730
4833
4432
4998
4488
4495
4992
4564
4855
4456
4605
4570
5838
