209486
209109
228147
231921
227221
223582
283650
226633
214063
225913
226888
195131
226122
226362
225968
228455
221048
248434
222340
214744
229357
224158
228758
228197
229011
224735
226640
227066
225284
224229
199386
219566
225551
227307
226253
224861
227747
210916
211137
210588
228991
228801
225506
225004
213984
218887
225224
212723
210001
213334
216043
244181
225906
224851
224775
212440
225277
209333
229673
227137
225101
223610
228135
223231
223398
223920
224336
224927
226585
209532
227725
228543
432883
236223
230265
227310
224406
224990
227252
235143
228603
227233
228062
264730
229145
229852
215238
229125
225090
229122
229736
228955
244153
224461
214216
224070
231812
214955
226337
229698
