68722
69164
67749
69319
69433
70983
70375
67653
69301
77425
69203
71500
67903
68199
69236
70549
63877
67855
68209
70057
69751
67053
68611
69815
56485
61787
69259
67894
66444
69939
67394
69387
69365
70431
65111
68373
72460
69686
67130
69681
69893
70490
70894
67353
69343
69718
62481
62183
69547
68106
67658
68244
70605
67619
68399
71252
67772
67805
71370
70198
70374
67538
64642
69306
71719
69946
67877
67924
68411
69074
70984
69880
58796
69304
67667
69175
69855
70717
67638
67408
68212
69539
67462
67838
69035
67518
70120
72524
66938
68237
68149
70637
69697
66814
72060
69311
60402
68879
67744
69425
