171
153
195
165
184
142
168
169
143
161
148
159
141
165
145
148
150
149
155
137
150
142
149
147
145
146
143
148
149
147
140
143
152
165
171
163
184
167
164
165
153
162
145
198
160
161
179
155
161
144
166
150
153
159
149
140
153
161
153
145
163
154
148
164
147
143
155
155
163
155
162
156
153
144
156
157
149
154
146
155
169
161
154
144
144
150
144
156
159
163
170
152
153
165
150
312
155
189
156
167
163
161
160
158
146
154
141
157
153
146
144
166
142
151
153
169
149
164
130
144
157
142
160
145
143
141
146
159
159
156
143
164
148
147
153
146
148
145
147
146
151
154
148
161
155
155
155
158
158
148
158
149
140
150
152
147
154
161
219
143
144
142
171
144
172
150
158
150
140
150
145
163
150
145
177
150
153
140
145
149
137
159
145
144
148
140
155
144
162
156
150
145
141
164
142
141
142
143
144
147
146
155
165
147
146
144
169
168
144
147
143
151
141
146
150
147
148
147
147
155
150
148
148
150
149
141
145
159
154
154
144
163
155
155
143
155
153
141
241
146
141
152
145
150
160
158
151
159
149
145
155
156
159
148
139
156
151
146
154
146
150
152
145
153
153
160
145
145
146
142
192
196
164
144
144
185
200
190
160
165
158
173
169
172
155
222
145
156
147
153
143
159
156
152
154
145
159
151
162
153
149
155
141
154
159
147
146
144
148
166
147
150
146
148
146
154
146
153
155
144
146
142
140
160
154
146
149
146
160
160
157
160
156
150
155
143
149
152
143
161
143
148
162
142
149
154
144
143
154
145
161
155
142
145
142
142
143
145
150
145
163
149
146
170
148
145
152
153
153
158
155
145
142
168
154
144
128
153
166
152
147
142
163
147
148
161
141
155
147
153
151
145
144
144
146
148
140
143
146
141
155
143
152
149
142
147
157
165
157
149
151
145
147
143
146
123
147
143
146
158
153
163
144
144
145
150
156
140
140
124
141
142
163
148
144
153
142
144
145
137
143
163
140
143
143
143
165
152
157
144
154
163
152
146
149
152
145
147
147
145
143
150
144
159
148
143
156
143
145
160
159
145
141
152
143
153
145
145
142
145
146
155
154
140
155
167
146
156
156
146
156
145
144
141
154
144
146
132
150
152
