210
236
219
235
236
238
239
250
232
207
231
243
233
240
221
258
227
235
224
225
223
226
233
257
307
297
367
231
242
222
238
265
228
256
281
246
217
232
228
232
242
235
238
229
239
216
216
253
236
223
213
241
238
251
248
269
236
248
250
259
220
261
229
213
234
249
216
252
236
251
231
271
246
200
267
221
236
225
239
258
218
252
248
240
254
244
224
234
252
251
233
201
224
214
220
225
258
239
234
246
219
232
241
236
241
212
220
251
252
231
224
222
222
224
227
246
260
246
228
235
212
258
240
231
231
239
246
221
246
232
232
232
251
266
231
234
240
264
261
249
220
253
223
253
258
229
245
242
243
261
232
263
257
254
214
211
219
205
240
245
254
240
249
228
261
221
251
250
240
263
240
255
184
226
229
222
248
253
243
240
235
238
223
243
347
224
217
224
233
243
240
231
248
250
247
227
223
243
228
194
242
248
237
218
235
230
237
221
237
259
220
226
230
237
241
272
208
243
244
214
215
242
237
196
235
229
224
232
252
222
238
241
234
241
221
230
223
226
228
230
233
265
236
225
219
199
247
217
248
247
254
222
223
217
223
265
208
216
223
220
248
250
242
239
231
223
236
234
233
252
218
224
220
254
241
220
212
228
235
241
211
249
266
227
245
252
231
238
229
221
239
257
217
247
260
212
230
245
233
231
236
227
241
221
217
225
217
246
239
254
247
227
235
241
240
237
250
231
259
238
246
229
222
260
265
221
234
259
228
200
221
247
227
236
213
235
208
241
226
235
258
238
256
227
240
229
225
216
234
228
207
257
229
230
219
222
230
197
234
231
199
220
254
237
221
242
225
219
259
235
240
219
232
230
231
233
253
215
233
323
249
217
211
232
243
226
230
214
232
246
224
219
253
233
208
250
212
220
215
231
255
230
222
216
253
204
250
248
207
228
236
238
216
237
259
256
240
235
233
223
233
228
217
242
224
257
231
246
245
202
213
243
236
224
248
239
230
213
221
240
206
252
229
216
256
229
217
229
250
227
249
239
235
259
234
244
213
231
225
214
230
225
216
224
229
259
219
226
218
218
217
238
250
225
235
255
269
230
241
201
222
207
240
234
321
218
229
214
242
243
219
222
259
223
228
212
265
244
256
229
