266
222
241
233
254
238
252
222
242
235
220
231
211
230
235
218
237
249
232
240
231
250
231
244
244
229
237
234
247
219
248
242
235
246
230
229
267
244
232
241
242
221
221
262
249
228
250
253
249
237
240
240
222
239
246
235
230
232
245
238
234
234
241
252
232
255
232
226
238
255
221
251
242
232
228
246
239
243
222
228
237
244
226
237
242
242
224
235
229
244
243
236
210
243
248
232
219
222
243
238
230
228
232
243
235
221
226
229
231
231
226
232
252
232
229
246
238
247
238
237
248
238
234
223
235
245
240
225
245
249
260
245
226
229
228
238
235
227
219
235
261
237
216
248
234
243
230
260
250
228
232
241
240
236
200
219
230
236
233
234
241
218
296
242
223
241
223
227
241
236
226
219
231
237
242
251
233
223
221
218
239
223
223
194
300
242
229
235
241
236
235
237
244
231
231
266
224
238
242
243
254
224
234
225
235
222
245
241
233
246
250
230
217
253
244
220
220
232
201
246
204
185
228
223
218
232
227
206
221
245
222
248
229
235
228
221
240
247
237
230
227
236
235
236
227
233
209
221
254
241
223
212
244
249
233
255
232
238
228
237
218
249
243
228
237
235
222
244
240
211
239
221
230
234
237
235
223
242
246
236
250
230
222
222
243
206
241
233
181
235
239
226
236
240
209
233
226
247
220
245
233
196
220
237
237
234
239
239
220
228
225
242
235
233
242
230
235
235
214
223
207
246
261
241
225
234
234
219
288
294
247
207
232
231
235
295
219
230
232
237
217
225
227
246
239
223
239
211
253
226
246
235
236
224
238
246
229
228
232
236
243
235
219
241
229
223
245
241
238
238
225
226
236
297
282
258
303
299
288
289
297
294
276
285
281
287
471
270
285
272
328
289
277
269
295
279
295
300
282
276
260
275
226
273
271
273
291
300
275
286
281
301
270
289
271
277
306
316
263
291
284
272
299
298
284
285
276
303
299
296
293
268
301
300
285
296
300
304
271
312
271
283
277
301
296
255
295
283
286
280
284
306
282
276
289
278
272
308
280
311
284
272
298
279
300
283
299
267
280
285
297
262
311
283
303
265
277
289
260
281
296
295
287
297
289
290
273
284
272
298
285
286
278
288
277
269
290
295
284
288
