330
272
300
325
310
306
309
294
321
280
310
337
323
284
309
286
305
338
310
287
306
323
283
323
299
332
320
298
319
301
312
289
321
327
278
283
333
323
286
340
302
428
343
337
285
277
324
308
311
346
340
304
295
308
309
288
325
342
303
285
281
310
321
297
316
313
351
311
314
280
307
316
307
295
324
334
309
290
318
302
378
319
295
316
314
314
324
271
319
297
278
291
294
321
292
343
295
305
343
276
313
345
319
292
309
334
336
273
295
348
281
269
299
313
307
329
324
327
302
343
311
304
297
358
306
295
322
316
299
307
315
298
270
343
315
294
309
334
322
306
307
284
313
283
325
324
327
310
345
328
285
303
300
289
347
319
292
317
300
347
285
307
302
290
290
286
352
320
311
319
322
298
280
308
366
287
339
321
289
336
292
278
306
314
278
283
315
259
311
302
290
328
351
325
286
290
291
317
291
287
308
313
280
312
306
287
338
302
288
324
286
294
294
313
297
318
278
316
307
293
317
323
277
311
331
340
315
354
284
287
285
328
309
301
318
324
318
321
345
281
312
274
329
330
292
318
326
318
291
292
325
304
349
317
292
279
315
319
310
333
321
327
314
315
333
351
337
288
318
322
322
310
297
316
308
323
316
277
327
305
326
301
322
324
345
281
313
276
307
278
327
310
312
282
289
298
292
330
308
328
325
303
310
321
326
316
334
292
325
299
343
319
284
287
283
321
328
302
319
291
306
318
329
305
295
324
347
301
307
321
263
335
295
315
326
337
327
279
327
312
316
326
296
309
298
276
286
309
288
278
281
292
316
318
322
289
332
349
304
326
326
303
322
313
328
308
296
323
314
360
283
322
299
337
323
302
287
283
299
306
301
301
321
303
280
304
303
306
333
311
311
312
267
324
324
305
333
316
297
325
318
304
284
290
324
334
329
309
307
303
306
302
290
324
322
306
335
319
281
319
308
303
322
284
318
319
284
325
347
314
350
307
328
296
331
343
294
319
296
316
341
314
311
320
337
315
330
331
323
339
326
320
318
304
310
331
323
322
314
308
325
305
318
308
342
292
345
339
316
329
312
286
304
324
329
328
341
317
283
355
344
303
325
309
323
337
302
337
291
301
363
336
303
268
317
321
315
302
307
313
