211
197
176
197
205
205
172
132
186
204
199
205
194
203
213
195
188
201
205
201
201
200
206
201
193
201
166
202
260
265
198
208
196
211
197
198
201
174
183
193
196
199
217
207
196
184
185
194
197
198
210
186
202
201
198
197
237
225
198
219
212
194
198
197
209
187
167
208
195
205
169
651
187
199
141
192
196
204
211
198
202
230
197
201
209
195
228
197
187
211
148
208
186
219
203
207
211
200
201
197
208
221
200
228
177
201
209
156
195
206
187
199
208
197
218
208
204
196
201
204
201
176
203
208
200
192
168
210
202
135
191
225
196
188
211
201
173
202
206
193
195
205
186
189
223
221
192
209
196
196
166
203
198
174
210
195
208
205
213
207
250
207
180
210
202
208
197
188
195
196
200
207
210
202
194
209
196
177
192
205
183
202
209
189
208
193
186
233
236
196
214
200
186
198
200
196
196
196
215
203
215
196
170
199
184
200
191
190
195
198
198
208
174
214
220
204
207
192
189
196
226
208
198
212
198
206
198
194
179
191
187
206
207
225
195
190
203
194
241
202
191
215
226
185
226
197
219
230
220
217
198
203
206
211
225
213
166
196
186
192
192
201
199
213
198
174
207
185
190
195
199
182
205
200
195
219
206
188
202
200
202
206
196
197
199
201
264
197
199
207
204
197
221
203
186
187
198
217
212
211
190
169
198
184
203
188
205
206
200
190
190
195
260
193
166
203
166
201
201
191
204
191
214
197
203
213
187
198
194
207
217
198
190
205
205
196
194
171
209
206
180
205
199
206
188
203
193
237
166
158
198
213
194
200
202
192
199
188
203
203
201
189
264
227
210
198
203
208
213
213
192
198
201
168
195
206
203
198
181
210
192
200
198
197
201
195
179
216
226
200
297
169
171
231
192
200
195
220
199
202
200
190
191
225
197
229
213
199
199
202
202
204
196
209
185
174
221
200
189
211
192
209
200
201
191
191
193
193
210
184
204
206
205
201
200
194
193
190
205
192
186
198
198
207
185
187
220
196
194
210
197
204
205
185
201
205
199
199
196
190
189
226
205
211
202
187
205
200
207
195
204
202
201
199
206
221
198
171
216
179
206
188
207
210
196
196
217
201
207
187
197
632
209
187
188
207
198
257
197
208
