215
228
229
211
199
208
197
212
201
223
231
222
219
205
205
199
209
223
204
194
195
217
205
206
224
229
215
197
204
198
213
215
226
204
212
214
226
205
214
205
217
199
207
200
199
215
200
205
193
208
216
216
188
206
211
197
196
204
215
213
211
214
182
210
229
200
215
221
207
219
205
226
212
205
208
217
202
207
201
225
211
227
206
216
219
223
204
218
193
215
207
204
210
211
197
218
210
200
202
204
199
199
204
206
219
211
214
193
210
213
204
209
199
202
199
218
207
226
223
227
205
230
211
216
236
186
214
214
238
220
214
222
204
283
217
202
217
215
210
214
206
200
275
213
204
210
213
230
361
212
201
218
217
202
213
210
207
198
224
270
205
209
287
241
199
205
202
216
219
221
166
275
213
190
230
198
203
218
203
193
219
196
206
212
222
204
204
200
207
197
222
202
210
215
203
218
207
215
208
209
194
187
204
204
220
204
206
269
204
201
214
204
209
188
219
208
208
195
212
198
200
209
208
236
199
212
196
202
217
217
226
212
203
216
218
196
210
201
200
213
235
205
205
198
201
196
205
196
203
200
203
204
209
206
207
219
213
201
199
238
187
203
216
203
196
206
202
203
205
220
213
199
201
207
209
209
195
223
212
194
223
161
210
208
220
202
195
222
204
206
195
201
206
202
211
208
216
194
192
204
201
222
202
202
209
200
207
225
212
201
211
215
199
209
224
201
195
214
216
221
210
221
202
202
198
206
207
205
195
211
205
205
214
217
183
209
213
200
191
215
224
214
202
219
220
195
210
220
199
198
228
228
213
197
212
210
201
203
206
212
204
204
193
200
204
248
208
273
211
214
272
217
249
212
221
225
231
208
223
225
214
221
228
226
212
201
197
211
196
232
210
198
218
207
215
198
199
209
198
192
196
214
202
202
207
227
196
209
204
197
217
209
199
211
201
200
218
216
210
194
214
206
210
221
199
203
213
197
192
216
203
209
198
203
214
204
221
199
204
211
201
196
212
215
209
203
217
213
252
201
214
207
193
206
195
192
210
206
193
203
203
204
204
203
206
230
212
216
220
203
195
204
219
213
213
197
211
224
223
221
198
225
221
196
236
199
200
208
207
215
194
232
205
205
208
214
204
207
210
219
