185
194
177
172
182
171
189
182
174
178
174
187
186
183
186
179
174
182
179
178
176
175
181
187
175
186
174
182
179
178
174
181
173
175
178
191
179
189
172
178
172
176
178
178
170
184
177
165
171
171
179
197
176
185
184
181
164
169
179
176
180
175
174
169
164
181
183
173
151
189
177
172
181
179
178
180
146
177
175
174
176
180
177
175
185
168
168
179
180
182
172
183
169
186
182
200
178
177
226
172
227
203
184
161
192
196
187
306
208
250
197
242
194
185
247
180
186
198
173
180
175
185
180
182
168
189
167
175
178
186
185
177
172
177
195
172
185
191
190
204
174
180
174
176
189
175
170
174
173
173
175
181
175
173
186
190
176
176
179
197
181
171
192
175
161
172
234
183
175
177
190
222
185
168
171
184
189
176
180
186
168
180
178
175
154
171
182
183
178
151
175
175
188
178
212
171
181
180
179
176
175
175
174
165
173
171
174
174
181
179
172
196
176
178
172
163
179
181
177
176
177
174
167
169
192
166
170
182
173
168
182
171
176
215
175
166
147
172
183
176
176
181
187
175
167
163
179
178
194
186
178
173
184
176
176
176
185
170
166
195
180
179
176
172
173
178
173
170
171
172
169
188
180
171
180
172
172
170
176
174
187
169
175
172
190
177
176
176
172
169
185
183
173
176
176
178
177
180
173
181
171
177
174
174
173
185
178
172
170
191
183
174
183
173
178
178
166
174
164
187
180
175
176
177
181
179
184
179
179
171
175
176
190
171
193
180
174
178
190
172
154
173
188
165
202
181
166
196
173
174
170
174
188
187
174
185
176
178
193
173
176
175
186
177
174
170
178
178
176
176
176
174
179
187
173
157
196
168
174
185
175
163
175
153
191
178
174
193
173
178
174
169
178
170
170
169
178
170
175
167
186
179
180
169
172
180
185
172
173
172
172
178
194
176
175
173
164
188
183
163
184
176
172
163
172
166
178
172
187
176
187
186
177
199
179
177
177
172
187
178
182
177
179
177
170
171
178
175
184
177
175
176
168
169
186
170
183
173
178
184
179
178
175
169
177
193
256
181
245
187
188
175
175
177
172
193
184
194
196
170
172
170
178
180
165
172
188
189
175
180
172
174
180
179
172
178
173
176
189
174
