218
207
188
207
188
190
219
213
225
192
206
215
222
224
179
195
230
211
220
205
209
221
214
201
221
209
215
208
210
212
204
167
202
205
214
211
145
210
198
225
227
199
211
220
195
217
205
205
221
215
203
209
216
209
203
188
209
651
212
196
215
191
209
223
201
212
213
217
222
244
210
189
207
201
192
196
180
214
188
217
215
207
199
208
212
225
212
226
216
230
227
189
206
208
217
205
200
226
209
218
209
214
193
223
212
178
201
203
175
163
206
178
209
202
201
203
211
198
214
209
210
221
205
220
209
214
190
200
207
224
218
214
217
189
198
198
213
216
200
212
192
171
205
203
216
215
200
202
217
224
217
202
224
208
215
200
211
189
216
200
199
183
198
206
195
215
205
210
223
210
231
218
235
230
209
211
214
212
202
199
224
206
214
214
194
218
221
197
214
204
198
204
202
210
199
237
224
197
206
224
202
199
192
203
216
216
197
200
220
211
211
213
205
204
211
199
193
185
215
213
198
201
199
188
210
201
190
222
206
212
200
211
205
220
208
204
185
192
195
207
190
213
207
214
217
219
194
191
200
219
206
198
211
221
210
207
217
265
274
289
268
287
212
219
221
206
228
218
219
215
212
206
228
203
220
232
207
203
221
210
223
228
219
194
201
219
176
209
214
210
214
209
212
201
235
182
220
213
196
209
205
645
207
213
204
219
204
208
220
195
203
203
196
212
207
222
203
197
225
211
218
211
191
201
212
212
204
194
206
183
219
213
213
214
188
227
203
195
196
188
217
222
211
217
212
212
207
184
205
223
206
201
208
209
221
200
225
207
214
225
195
167
209
207
214
197
202
211
203
202
214
202
204
202
219
208
209
220
230
219
214
209
217
209
208
220
218
226
200
198
212
198
231
195
211
207
219
190
204
206
216
197
204
203
202
195
174
204
206
199
217
212
200
210
198
202
224
203
205
201
218
213
201
187
208
205
191
206
187
217
217
198
202
202
203
209
213
210
198
208
174
218
211
203
208
210
216
205
203
208
201
200
167
206
209
207
203
209
214
214
198
195
219
205
228
210
213
218
203
211
208
211
204
213
204
201
212
213
219
216
219
183
186
210
227
209
176
223
203
203
193
202
213
209
193
223
212
205
223
217
