239
224
194
236
209
216
205
224
224
205
231
225
201
201
218
209
229
215
235
207
206
233
226
225
234
230
221
202
231
234
240
222
235
240
224
219
218
217
232
252
236
227
223
246
234
246
227
208
220
228
212
222
203
233
223
213
216
208
232
222
235
207
220
231
221
223
227
201
213
225
231
200
232
189
223
214
199
220
219
227
219
241
231
201
204
227
205
231
226
217
236
228
227
235
220
216
221
225
236
231
171
253
201
234
228
206
251
235
232
241
233
220
241
206
239
229
225
218
223
227
230
223
195
201
201
213
237
227
223
229
235
229
228
230
219
223
200
205
206
225
228
215
231
201
232
225
299
217
230
225
211
232
214
216
230
207
228
226
210
226
221
213
209
203
229
229
208
198
230
233
205
220
233
232
224
227
222
205
231
212
235
225
179
239
220
189
166
240
227
241
225
205
222
217
238
220
240
239
233
223
201
233
219
207
238
231
230
222
213
239
230
220
217
234
207
220
221
220
221
190
203
187
220
230
192
229
233
234
203
218
233
226
223
231
214
211
238
212
207
178
231
220
291
244
233
231
214
240
225
217
213
224
222
218
199
206
226
225
223
231
239
172
223
231
206
225
252
234
206
194
216
224
240
225
195
220
212
217
220
215
210
229
203
228
228
188
218
193
164
210
231
172
211
165
210
304
252
232
224
227
222
236
176
207
207
219
228
225
226
217
231
229
235
208
231
230
199
209
233
237
208
221
222
215
225
220
227
217
223
233
227
231
226
235
232
226
225
207
235
221
217
226
235
208
233
221
214
226
204
236
209
224
208
224
190
215
235
202
240
228
232
221
224
206
225
228
226
234
227
210
221
236
233
207
219
224
229
224
219
231
193
232
205
231
227
234
251
220
164
223
224
207
250
230
231
227
213
216
201
234
240
208
236
212
209
231
200
229
228
227
220
230
206
194
238
222
242
229
195
236
226
219
235
221
194
228
214
246
233
201
241
211
221
216
227
223
195
212
225
210
204
227
215
216
217
225
228
230
222
208
231
202
218
224
233
215
236
222
228
227
220
222
227
234
231
220
212
231
242
224
225
227
290
249
235
216
253
192
245
211
231
217
224
217
218
232
223
213
251
229
224
242
224
212
200
216
219
188
227
199
