453
461
510
446
477
453
472
469
467
446
419
493
464
423
426
488
434
437
473
401
438
464
441
469
460
439
513
471
424
443
441
458
455
387
484
453
464
437
463
452
459
408
490
411
454
440
452
446
476
487
484
474
485
448
417
450
464
445
521
505
437
423
481
445
446
477
439
459
453
430
503
493
487
498
448
444
467
408
458
488
459
449
449
456
433
469
456
485
428
440
447
436
469
430
435
438
432
474
437
426
430
453
466
426
409
449
448
431
421
399
428
426
401
365
427
417
391
464
421
420
469
468
410
372
415
436
459
434
467
449
471
448
464
418
385
417
509
424
463
424
460
437
496
440
437
400
464
415
423
427
424
428
428
457
443
453
419
449
493
421
426
475
418
415
470
424
438
413
445
442
463
422
434
448
432
461
462
442
414
476
441
429
452
491
468
396
468
472
450
436
432
423
432
420
375
436
424
460
511
430
438
459
489
429
411
468
425
400
471
437
447
477
452
529
462
463
410
484
424
470
437
439
405
437
452
451
464
450
454
465
466
434
417
420
447
470
491
608
433
462
459
477
458
631
688
474
495
439
426
453
553
492
435
463
438
435
501
407
423
455
420
407
443
461
473
450
422
445
467
440
458
401
500
428
460
443
441
483
435
858
451
457
495
453
442
452
468
479
423
440
440
469
432
446
419
440
455
486
449
445
657
593
654
638
623
550
679
492
464
611
572
523
473
523
446
515
494
507
521
495
437
430
490
461
497
500
501
545
526
509
496
457
458
489
477
492
439
539
437
451
488
474
487
470
451
443
457
502
499
512
473
485
483
479
466
450
511
472
496
459
463
461
461
461
447
462
490
469
432
469
441
678
454
468
404
480
480
446
422
470
438
469
494
472
390
478
481
455
464
463
493
437
458
465
485
685
445
501
447
486
462
478
479
477
492
435
465
498
462
421
491
475
474
489
480
463
443
469
504
464
484
463
470
445
488
521
450
477
464
494
484
490
479
482
429
454
488
478
482
430
445
467
466
467
486
468
463
473
458
511
440
512
448
503
457
463
410
444
423
448
443
464
415
459
414
445
459
432
463
430
414
443
432
420
426
414
455
441
441
468
440
435
512
433
433
443
474
427
487
455
508
454
486
466
418
436
491
467
468
482
