498
463
497
498
526
436
472
498
475
500
481
461
521
446
435
475
499
469
403
434
480
453
467
482
443
486
480
484
521
485
488
453
530
508
422
488
425
479
475
431
461
485
478
437
491
471
446
466
450
462
425
496
449
536
512
518
429
459
452
490
453
470
469
488
464
464
501
446
464
443
463
479
411
470
475
430
496
465
404
465
475
463
503
479
394
498
460
495
424
443
416
414
482
339
446
517
449
461
446
453
501
429
392
485
499
466
475
442
523
474
467
469
405
482
509
444
481
480
476
380
433
474
446
450
496
439
458
407
488
434
484
436
487
388
423
388
418
462
446
459
472
487
451
493
473
484
497
439
419
445
416
425
456
472
467
375
453
443
468
436
496
477
478
469
434
422
397
448
393
423
429
404
465
488
479
483
431
444
466
477
431
390
495
446
439
413
429
472
440
478
459
427
420
483
446
453
392
479
475
514
469
412
469
427
391
440
443
494
436
452
446
497
466
440
448
467
470
451
382
474
489
466
475
443
429
432
405
462
483
501
460
459
445
446
418
432
392
438
427
443
476
426
436
422
453
422
451
468
522
432
448
412
473
437
479
469
483
518
456
440
428
423
411
474
471
477
463
466
462
401
439
530
483
509
431
513
404
448
410
465
423
397
440
445
457
501
520
376
426
404
455
435
409
476
495
505
496
490
461
478
416
443
463
477
436
491
485
505
456
510
474
430
501
487
431
465
472
459
448
822
552
557
515
513
585
550
476
434
412
482
495
471
440
371
456
491
440
491
487
420
426
443
493
478
455
441
417
406
479
410
460
492
445
470
451
494
425
477
479
416
464
444
437
490
422
414
519
468
501
467
453
469
425
487
484
476
503
416
429
464
464
386
486
438
441
400
476
518
446
511
503
404
431
394
479
471
437
453
530
444
442
495
434
401
494
486
432
476
435
450
403
455
467
445
471
476
430
477
446
458
454
484
446
465
440
352
497
522
446
479
435
414
460
442
476
373
405
467
500
484
486
448
445
600
446
510
466
448
462
512
457
421
491
438
440
426
431
412
438
480
411
451
492
456
448
426
506
469
377
461
493
482
469
465
430
518
509
441
406
471
441
484
485
476
471
449
396
494
461
483
491
476
469
412
486
420
438
396
514
470
