692
772
1838
605
660
680
613
580
707
637
524
642
556
631
740
571
617
663
826
853
577
607
682
617
722
628
608
610
956
667
565
603
662
576
708
686
585
647
574
649
528
580
661
479
544
602
612
578
634
625
548
750
809
619
666
599
606
604
621
495
579
531
796
652
643
643
862
590
564
593
605
581
648
593
583
559
662
594
768
626
646
653
599
798
639
605
570
606
450
562
548
602
579
600
627
584
601
590
578
553
556
597
555
544
567
543
577
614
530
566
553
615
724
549
587
615
534
551
517
526
614
611
521
617
598
600
569
547
580
586
528
545
558
521
475
540
564
571
472
542
519
454
508
495
547
579
556
535
503
519
514
478
537
412
512
499
529
523
558
568
540
533
519
584
578
581
540
525
564
507
418
518
519
561
541
542
436
565
473
511
515
503
495
666
550
811
502
643
545
594
526
552
520
569
549
558
530
517
543
516
552
480
512
487
501
577
471
531
446
516
483
506
494
580
521
549
512
527
511
509
523
539
479
503
503
517
523
448
635
537
553
560
489
506
611
607
542
495
581
475
519
564
499
551
517
505
537
507
507
526
567
536
506
526
535
552
505
526
525
556
495
501
563
537
566
513
508
530
541
525
545
485
506
527
527
507
508
547
470
407
486
492
548
540
516
485
545
539
549
399
507
550
532
537
493
468
494
535
495
516
490
484
366
467
521
571
624
544
590
517
428
508
513
529
508
607
461
608
576
533
549
489
539
434
565
550
619
554
559
549
580
473
573
565
564
548
541
577
566
604
500
518
512
504
537
497
502
482
569
522
512
512
568
592
588
534
533
663
565
486
507
537
513
541
493
534
567
566
517
518
536
472
552
509
573
550
500
529
550
545
483
547
524
545
586
566
498
474
515
541
589
474
544
484
605
562
493
539
490
545
494
535
507
398
510
540
524
491
504
562
524
517
552
524
505
531
481
506
548
544
521
541
415
541
529
534
524
519
894
513
537
535
490
536
528
529
575
576
552
519
558
475
539
434
535
506
510
557
505
514
518
486
565
620
564
549
536
504
577
602
531
589
533
593
548
521
422
572
474
543
492
480
520
536
508
529
533
509
517
505
480
496
535
691
520
480
522
508
518
512
512
509
546
536
723
486
542
399
428
459
