517
493
470
551
533
505
472
580
491
539
497
518
546
461
515
480
498
594
558
583
511
491
523
512
538
568
512
493
517
510
559
446
535
522
458
519
462
539
546
517
512
502
526
541
455
534
506
534
472
534
518
524
523
469
457
530
494
485
489
533
490
452
449
512
425
487
446
505
518
525
491
528
512
473
476
586
450
11907
507
507
464
545
455
492
534
524
468
539
484
539
517
524
517
503
490
521
480
551
522
494
479
460
450
538
509
478
498
476
495
512
474
518
452
451
489
451
453
489
484
471
484
494
452
432
440
515
514
524
417
515
531
517
497
483
515
472
492
480
471
420
525
538
501
466
473
463
481
493
539
484
531
451
490
534
479
539
510
502
512
516
478
529
464
500
516
475
475
489
474
493
510
558
470
472
557
461
496
544
514
448
489
429
469
474
484
486
495
531
450
500
506
521
538
530
483
451
570
510
507
549
486
547
454
569
393
492
536
507
505
513
466
490
460
517
542
508
495
521
534
506
474
481
521
538
465
511
500
503
515
498
526
540
514
500
461
526
500
492
485
494
474
504
460
516
450
511
506
520
495
472
508
510
544
474
462
514
507
474
533
510
520
504
543
485
539
497
570
527
517
511
525
536
528
613
530
530
567
515
537
518
467
540
544
454
525
530
523
482
473
559
587
509
465
496
502
489
546
545
447
491
411
497
535
401
513
506
420
453
512
471
453
487
485
567
477
496
464
533
451
486
502
494
513
520
482
541
520
545
484
500
485
484
506
449
489
521
504
539
502
478
610
663
547
805
668
667
721
853
710
730
629
479
587
782
511
593
468
592
544
587
607
568
755
597
570
641
768
740
490
522
529
588
727
794
759
788
720
807
556
500
597
616
532
723
777
736
782
566
583
796
490
571
607
596
793
667
862
520
577
758
553
711
639
555
550
523
498
599
544
579
615
553
679
605
612
619
563
585
500
560
564
567
561
603
597
540
690
556
630
549
598
607
611
548
575
619
573
550
521
580
589
514
580
804
503
687
624
526
614
619
579
628
594
486
495
582
593
584
558
504
626
792
784
694
663
665
579
578
544
584
611
507
604
510
626
528
579
787
585
641
499
689
603
791
577
644
636
590
672
573
611
593
602
618
540
678
735
639
516
649
