599
624
648
616
669
663
530
657
739
548
590
630
524
582
609
587
564
622
597
642
536
821
631
689
627
672
706
734
619
667
605
622
737
619
574
566
903
700
778
707
609
636
684
709
690
743
749
650
567
552
632
612
579
606
613
560
543
608
617
579
497
613
565
590
596
650
585
615
571
564
616
519
588
576
606
598
545
606
554
599
475
565
552
592
549
552
580
566
558
537
577
548
578
550
514
468
617
581
504
554
538
562
587
599
609
515
521
613
583
553
521
502
452
554
547
549
510
495
528
535
536
580
521
521
534
550
493
540
541
565
495
591
507
509
695
605
673
505
548
580
553
579
517
601
537
465
510
502
556
490
467
543
496
467
505
530
437
500
531
529
592
523
544
469
508
550
532
542
505
521
499
570
464
531
534
555
514
500
523
551
521
584
503
498
521
591
502
569
600
521
516
578
529
490
476
560
573
467
486
532
515
512
454
468
557
539
573
563
477
573
536
554
575
510
575
525
547
552
414
645
580
530
535
577
463
554
517
529
548
483
564
500
533
521
492
565
524
500
497
534
534
459
538
400
419
534
530
522
521
526
510
443
458
578
531
538
520
465
556
436
500
573
503
461
501
523
574
517
497
485
387
530
460
466
531
543
526
530
527
747
531
456
458
489
493
539
467
513
421
501
510
544
529
474
512
578
453
493
486
494
489
481
560
550
483
453
510
530
475
489
487
500
483
490
447
482
530
484
492
560
448
500
527
416
430
574
547
518
476
484
477
492
514
464
401
507
525
524
467
499
516
529
473
533
468
515
516
509
477
522
521
493
503
486
495
430
489
504
476
479
581
503
457
516
488
572
391
451
381
507
513
527
478
466
498
473
493
515
494
519
521
607
536
544
482
508
689
545
607
628
596
609
518
506
464
523
713
559
606
583
550
526
584
580
503
574
494
609
560
560
581
590
690
576
568
577
545
565
537
557
511
612
581
523
501
544
512
606
515
557
569
550
573
561
594
604
572
510
514
523
605
485
568
489
519
527
538
494
584
549
531
512
522
508
520
515
486
560
505
477
474
511
491
434
532
471
505
499
521
527
565
507
509
553
560
523
524
527
539
471
548
524
524
463
469
535
466
555
544
560
499
589
558
481
519
531
538
552
515
564
