461
400
412
408
517
438
455
394
426
425
432
407
470
398
465
403
446
422
443
413
417
396
473
397
434
373
387
407
409
452
420
426
430
420
454
377
460
483
401
456
428
428
439
399
441
436
453
426
426
435
463
419
402
436
471
456
406
455
406
477
484
422
494
398
458
409
494
414
476
447
449
383
459
425
411
425
401
459
418
427
467
403
481
469
428
458
555
410
414
493
443
452
421
476
398
407
415
427
470
428
471
418
454
443
464
391
464
436
465
403
472
465
406
419
409
467
417
464
482
422
396
459
424
419
433
429
372
448
487
468
612
573
422
667
482
511
466
434
677
478
428
459
431
424
426
428
423
448
396
449
401
481
458
411
493
464
399
461
485
486
465
430
453
404
393
424
438
458
469
420
462
425
476
471
424
472
466
424
446
409
422
417
473
406
442
407
472
477
421
409
475
405
435
379
473
464
626
442
461
405
492
463
447
487
464
444
463
484
473
503
393
373
443
436
438
361
388
432
394
437
413
436
451
494
382
467
467
418
441
397
421
420
404
393
448
397
416
440
450
469
406
437
439
484
424
451
455
451
478
443
459
399
438
414
442
424
428
468
417
458
442
426
593
447
404
470
393
409
488
401
439
453
531
450
389
506
429
407
443
339
429
426
396
453
395
403
427
405
376
406
437
376
466
435
431
436
389
376
407
436
379
457
379
433
401
466
388
427
401
418
449
428
377
482
373
435
399
385
390
430
393
399
401
412
401
390
412
429
454
448
416
450
471
473
470
393
401
398
402
419
368
431
426
408
374
431
393
461
369
403
462
425
411
374
376
402
432
420
424
434
392
407
377
394
460
476
443
444
417
389
403
447
421
456
416
479
394
395
411
376
444
409
527
414
419
373
381
386
387
417
417
443
435
378
375
450
394
381
427
389
450
397
416
413
397
460
506
458
395
472
427
414
389
385
395
427
408
467
369
386
395
402
364
380
407
446
419
440
462
404
359
398
397
375
439
484
426
417
516
395
510
565
494
634
396
465
495
614
470
492
600
587
598
495
543
663
639
604
719
607
423
498
454
523
480
434
529
615
433
540
437
477
520
495
450
429
423
467
465
496
424
429
513
532
452
499
461
436
832
703
662
632
677
488
554
525
521
502
430
479
