546
644
547
601
623
483
478
520
567
503
500
579
516
398
487
418
464
497
476
511
410
479
497
474
465
476
443
528
444
473
502
517
508
488
543
456
431
497
467
475
496
440
443
491
479
472
494
502
473
476
482
463
401
473
467
446
480
457
467
410
457
483
499
410
500
505
422
511
489
486
413
442
434
435
454
465
495
492
430
490
468
484
486
509
475
437
445
485
500
490
508
463
442
466
446
460
507
463
476
463
445
467
420
443
469
513
530
472
460
495
498
508
431
482
500
537
527
537
479
459
467
491
483
437
497
511
473
443
434
563
480
427
482
467
450
389
457
480
494
397
392
467
516
464
490
406
475
474
559
435
465
490
477
468
473
446
469
474
503
493
478
453
469
485
526
454
505
395
467
421
470
471
474
458
423
440
465
473
474
469
392
482
484
459
476
453
496
451
502
497
501
446
470
475
483
487
539
505
491
418
524
455
477
458
411
433
490
480
431
443
479
492
448
457
501
418
496
454
598
477
519
538
472
437
424
458
441
462
518
483
479
586
442
448
502
477
513
492
452
416
485
468
488
591
477
417
475
495
492
513
425
494
474
469
504
478
497
467
502
469
494
476
480
468
452
471
449
419
439
485
467
480
538
455
457
356
441
438
456
449
498
472
476
466
397
424
482
454
490
494
489
495
480
473
453
474
479
352
458
412
415
450
440
459
424
486
440
490
435
406
407
443
465
423
450
453
467
455
443
459
448
437
374
418
505
559
484
479
518
377
468
512
443
455
435
439
466
426
438
499
435
487
474
473
435
471
498
477
444
430
679
513
477
431
510
510
475
420
474
430
447
443
400
456
481
418
442
436
415
482
415
460
587
485
522
626
484
508
423
396
465
539
489
1064
480
452
493
487
490
397
489
555
433
420
466
456
565
424
541
503
494
455
475
448
485
510
511
493
568
481
492
511
456
482
480
456
510
434
490
505
479
466
460
417
488
416
448
493
517
464
478
461
443
512
502
421
485
480
480
447
515
485
541
486
447
481
502
495
520
394
504
487
458
477
462
505
446
484
506
520
468
387
443
420
417
456
497
467
426
472
484
475
514
455
442
475
507
495
484
473
458
444
476
497
485
392
472
481
493
436
483
475
440
498
464
486
437
513
481
473
