512
504
496
531
558
510
532
492
514
536
513
518
570
484
555
573
477
542
507
517
548
526
566
474
473
496
508
513
536
575
516
503
594
546
524
531
527
480
463
497
456
505
608
595
589
499
494
560
483
558
540
558
553
479
503
555
550
515
553
479
501
508
488
515
485
547
599
496
512
522
503
463
522
505
489
526
521
485
498
538
519
541
544
542
487
487
496
532
568
530
474
495
575
478
500
483
567
544
552
526
478
562
446
531
567
493
557
457
508
516
487
581
527
510
500
514
465
503
466
499
535
482
489
568
542
538
529
471
455
495
565
515
552
597
491
494
425
497
473
441
525
467
519
490
508
512
550
530
507
505
559
525
459
490
471
550
561
474
498
512
537
492
550
533
448
518
502
555
549
537
480
466
475
519
527
497
504
469
541
567
538
483
532
525
516
463
465
532
516
448
478
555
556
557
720
639
772
689
597
721
846
819
810
551
583
503
752
581
576
555
686
680
538
547
547
745
670
793
528
601
576
526
616
565
550
611
558
518
655
527
548
580
587
668
544
585
541
542
554
602
597
537
590
670
564
790
747
715
629
739
563
544
614
574
537
550
575
695
523
567
597
547
562
565
568
552
654
578
693
872
595
794
524
575
664
535
667
740
614
670
639
611
579
750
822
735
685
610
616
598
607
528
513
555
797
648
686
697
687
593
659
557
609
638
639
564
581
563
599
621
733
576
857
567
589
615
653
806
922
630
642
590
611
591
657
570
540
658
651
602
556
646
573
788
688
666
645
631
639
618
611
572
560
591
648
627
591
611
595
604
828
779
665
613
595
566
524
656
570
625
632
585
539
570
544
579
634
556
616
717
743
560
573
617
567
615
584
703
599
664
692
618
790
600
707
559
607
580
568
505
586
682
559
580
552
577
513
462
553
644
532
559
540
800
574
670
581
521
526
581
552
570
547
482
579
584
498
505
534
541
550
557
570
548
557
511
487
577
537
513
510
516
571
468
500
525
486
497
493
486
515
542
573
539
539
541
544
510
510
503
467
569
517
574
549
489
523
487
552
524
566
515
544
537
538
512
573
475
479
530
495
492
556
539
462
485
557
505
477
562
551
510
467
588
561
511
402
787
650
694
551
536
491
540
477
500
592
540
506
556
