652
657
616
636
474
635
588
610
607
772
598
529
847
616
566
623
590
584
573
554
605
664
600
725
774
580
605
552
659
689
688
564
1023
573
618
622
547
509
546
574
643
560
568
485
535
448
510
573
535
496
529
561
522
458
515
464
552
565
528
528
489
505
529
580
492
490
556
545
611
518
487
515
580
529
596
668
603
537
576
512
550
576
674
482
521
551
489
481
461
453
492
634
580
540
619
482
615
485
505
523
597
508
543
484
536
487
498
488
469
412
340
337
345
356
349
388
358
465
344
381
343
377
355
342
352
397
9438
344
348
306
342
351
319
389
333
360
330
339
365
351
357
386
345
351
355
354
354
313
291
326
332
306
330
338
371
338
332
312
331
322
344
324
311
289
360
347
320
333
323
281
332
327
338
327
324
327
326
318
330
351
321
328
331
329
349
325
332
336
324
339
354
308
338
322
319
316
283
324
331
387
292
281
343
337
307
317
343
355
329
277
323
334
327
330
287
354
332
319
294
306
326
336
301
326
347
319
329
324
327
319
359
324
330
313
344
339
284
368
307
366
444
377
337
354
352
336
432
466
488
482
503
508
483
469
432
499
452
439
339
427
338
301
310
290
320
360
333
321
332
347
360
316
313
353
281
367
468
517
472
361
379
362
341
308
306
292
320
344
349
363
326
333
313
347
346
306
353
339
374
410
458
466
342
338
323
359
390
359
343
353
368
336
318
333
258
338
290
332
335
378
350
332
351
299
319
312
315
341
339
333
378
340
342
315
359
327
333
304
334
395
341
368
301
316
314
326
362
278
308
370
285
283
326
284
278
336
330
340
334
327
324
296
281
327
310
280
343
319
331
342
345
321
314
317
328
324
337
328
340
314
323
343
302
409
308
341
328
337
334
329
354
346
340
328
328
313
282
331
297
318
315
347
331
333
333
333
336
323
333
259
332
342
344
344
339
342
356
324
332
335
348
332
323
289
337
345
307
314
326
295
331
374
330
357
305
313
328
342
327
344
320
344
323
354
339
348
358
322
353
326
329
328
343
324
332
319
304
332
329
305
329
326
419
322
324
356
300
346
280
325
361
337
358
325
295
350
331
331
323
307
292
344
332
356
337
334
347
334
323
330
349
341
325
335
349
284
323
344
350
342
