329
341
328
370
293
300
361
367
338
332
382
316
298
323
324
508
389
375
424
416
488
407
288
353
227
317
365
433
249
391
299
349
354
427
408
318
330
314
373
278
290
339
331
282
294
292
286
288
294
408
281
384
342
286
375
288
298
299
276
300
392
280
274
301
342
282
274
281
380
367
298
338
389
486
405
284
396
377
290
322
359
292
499
471
314
317
385
498
393
294
375
292
272
304
316
281
296
408
327
296
277
293
393
326
289
278
306
300
317
294
295
268
284
295
282
280
267
292
301
282
269
261
249
259
249
258
256
258
266
267
258
243
269
252
283
255
252
263
364
258
321
271
251
253
277
296
274
271
254
260
267
258
251
254
252
264
262
256
256
254
277
249
254
264
248
271
286
237
251
250
235
243
253
284
245
277
242
299
246
240
232
242
247
260
280
239
233
245
234
237
248
246
258
253
243
234
238
260
245
237
234
253
231
281
237
248
237
255
241
234
235
234
322
235
241
243
238
237
243
237
239
250
238
282
270
241
233
256
269
237
268
257
233
243
319
244
233
235
238
237
240
245
260
242
260
244
235
245
249
253
250
286
239
240
254
241
251
243
226
314
237
237
254
251
250
232
241
265
265
242
242
241
243
237
245
242
250
234
241
238
263
231
243
244
257
234
251
264
240
245
252
235
260
254
232
254
258
236
245
242
275
245
251
260
251
234
246
219
236
235
246
254
238
252
243
259
240
264
240
239
241
246
232
230
254
247
250
256
244
232
247
247
251
238
237
251
232
256
248
250
221
265
240
237
262
256
245
242
237
232
269
243
243
254
238
246
239
241
238
247
234
255
234
259
261
231
237
236
245
240
244
243
250
243
256
232
239
236
253
272
239
249
245
241
271
242
238
242
253
251
256
237
243
231
250
239
264
237
245
238
239
263
235
253
240
262
236
236
263
256
249
246
249
240
253
248
232
244
232
239
283
237
259
240
239
258
235
263
230
247
268
238
266
242
247
264
234
257
260
279
239
255
242
234
240
258
251
242
244
236
245
245
245
240
243
233
236
251
240
242
273
239
248
246
263
252
243
248
253
256
252
272
233
295
316
242
300
250
314
303
329
252
238
289
263
283
351
259
326
239
276
278
241
247
248
251
298
297
251
270
