443
364
307
433
445
361
488
539
615
390
400
493
329
443
405
405
401
347
335
373
591
330
318
338
373
452
418
398
527
412
299
431
407
478
596
462
416
411
421
408
437
576
479
396
521
450
459
460
547
474
431
480
447
833
446
428
435
368
422
365
427
444
478
400
363
437
397
390
428
387
400
412
460
447
436
401
428
430
492
400
365
389
404
413
442
444
323
440
385
377
381
359
456
397
398
390
468
499
394
410
541
378
457
412
356
415
430
459
445
495
331
421
305
397
316
317
272
504
417
579
414
1017
466
403
368
435
446
454
583
503
433
456
409
397
511
559
370
421
440
462
495
405
419
416
433
428
304
296
319
309
482
292
323
307
313
288
334
318
311
296
310
393
334
309
277
285
311
684
293
294
263
279
329
455
371
304
294
404
303
338
426
329
310
340
347
294
327
336
388
297
297
314
329
320
284
304
415
503
309
314
365
522
290
306
317
297
348
292
519
516
388
300
453
454
388
410
639
399
403
421
413
337
333
482
325
360
487
483
376
332
313
324
510
430
459
471
340
331
355
334
343
321
350
543
412
343
309
446
338
396
368
446
370
296
315
321
312
310
303
305
288
279
304
247
314
303
291
456
438
424
359
445
389
408
329
340
344
293
292
298
359
300
494
392
364
413
494
517
400
448
619
381
410
494
467
400
475
378
302
321
297
385
365
499
409
616
529
494
350
423
610
361
358
338
335
336
461
605
572
448
501
620
373
342
494
457
575
378
437
479
307
352
315
404
347
338
329
571
596
480
408
445
544
527
341
423
411
540
587
652
386
339
399
331
362
341
397
417
481
462
498
459
508
455
463
441
356
483
455
463
504
401
332
317
379
554
442
496
373
460
446
387
493
506
472
543
506
304
495
438
487
405
437
318
352
477
558
640
336
500
342
408
361
353
298
417
510
564
665
412
420
341
339
505
361
352
355
297
565
565
378
361
337
350
342
335
445
365
392
359
674
450
421
342
441
436
346
323
356
354
324
305
368
456
414
391
500
479
497
541
386
477
553
422
474
376
314
359
345
330
315
322
341
364
530
550
391
384
593
394
354
314
350
319
365
314
430
505
410
357
425
514
380
353
355
327
347
296
494
485
434
523
346
455
362
371
324
321
300
308
