306
281
283
280
282
312
278
272
319
332
331
323
259
316
284
288
282
272
268
258
258
282
279
248
256
255
244
249
250
297
211
311
253
295
257
248
288
292
252
252
290
255
251
249
267
265
254
261
248
254
260
250
243
276
277
266
262
267
266
253
306
258
241
254
275
255
246
250
263
271
267
260
248
242
254
278
253
249
257
244
246
247
269
279
256
241
261
287
245
252
254
252
262
252
322
286
270
292
242
261
258
291
304
258
279
251
254
251
274
246
267
255
242
273
255
255
268
232
257
245
250
258
260
287
256
270
245
254
268
267
249
251
261
255
252
273
271
260
252
277
274
242
256
269
270
246
271
269
256
258
261
250
255
276
271
255
255
255
252
265
285
260
250
255
244
251
255
276
257
254
259
264
254
251
251
242
268
267
247
253
271
272
264
287
287
288
306
262
249
278
273
255
302
244
262
282
257
290
272
272
272
263
252
263
280
256
268
252
258
261
253
247
248
261
263
247
258
256
248
276
263
273
267
252
256
251
279
282
314
253
264
248
255
261
258
242
253
252
253
263
247
324
265
256
262
253
259
274
261
250
271
264
261
265
272
266
254
278
271
277
266
273
256
268
236
260
254
281
248
252
265
252
263
242
247
257
239
259
271
253
269
258
270
255
252
262
289
282
265
247
272
266
271
263
255
279
252
267
263
264
278
267
257
269
249
305
268
248
346
320
335
422
341
421
274
330
324
393
410
458
273
347
325
372
341
384
347
444
299
290
297
488
279
293
332
342
298
286
267
304
543
288
263
277
304
305
324
273
272
297
264
279
289
318
277
266
285
286
300
407
377
271
351
297
288
288
264
491
317
322
305
277
271
286
270
283
293
292
271
264
279
281
270
266
295
277
313
280
281
284
341
284
283
333
281
338
286
310
324
284
283
303
300
289
309
282
321
300
281
279
299
308
308
321
392
277
333
269
289
303
272
263
274
263
266
268
248
253
298
269
270
276
275
310
262
265
246
263
248
213
251
265
257
245
273
255
251
276
272
246
248
261
262
257
259
255
254
256
287
253
262
259
254
209
253
261
275
245
252
262
242
266
323
250
280
297
255
241
259
254
249
251
268
253
253
257
262
256
246
254
272
269
268
271
261
253
262
260
248
237
