270
265
281
265
258
260
265
266
288
264
275
249
256
267
262
255
273
266
262
262
265
254
263
284
304
254
255
267
266
267
253
283
280
252
255
255
277
278
277
245
300
269
263
313
263
271
283
259
284
266
252
266
274
281
263
276
273
263
264
273
271
301
311
341
367
485
390
470
461
458
400
422
430
411
501
366
474
302
329
288
331
276
305
470
406
501
430
423
525
370
471
292
295
324
425
558
375
405
349
300
298
286
302
304
296
377
265
301
298
283
442
290
308
353
459
418
341
373
770
286
288
310
381
319
352
379
378
326
306
379
369
324
316
382
282
309
364
310
326
477
483
325
335
314
346
375
288
287
280
391
310
337
329
316
451
434
303
345
325
383
333
282
290
280
335
304
469
303
447
423
392
391
299
343
387
301
307
320
344
303
299
379
523
270
303
467
355
321
353
289
308
286
328
323
335
341
357
372
443
320
306
404
302
293
322
274
323
279
294
306
293
263
844
297
329
309
331
291
280
351
279
312
300
279
257
279
294
404
283
304
304
286
283
286
273
281
308
278
295
260
275
275
279
290
286
294
287
269
259
264
269
266
261
266
271
260
272
272
251
295
281
293
301
253
300
362
295
287
263
266
260
317
261
280
270
282
281
266
256
269
255
290
255
260
255
295
276
276
308
259
284
268
260
258
258
257
258
263
301
300
289
264
272
270
258
266
287
309
408
284
392
385
370
396
352
325
342
259
290
307
351
282
297
318
293
345
345
286
286
308
334
315
263
277
282
266
257
280
310
287
271
291
277
276
261
292
289
272
355
262
269
280
275
254
264
265
274
270
260
277
272
276
264
276
274
255
277
263
310
294
260
298
270
263
335
267
267
334
259
339
313
280
288
297
332
302
294
287
313
370
259
358
286
354
296
279
284
362
290
390
343
284
258
279
282
282
332
281
392
282
294
393
348
316
273
302
319
303
431
407
280
310
288
290
697
301
287
338
317
300
343
280
304
310
359
283
259
295
320
295
282
306
316
390
339
325
404
315
323
318
292
277
295
299
276
286
358
350
309
263
290
281
286
378
328
315
345
311
451
355
299
296
393
324
293
392
345
284
316
305
324
313
282
304
317
334
281
343
306
390
310
293
378
433
482
418
335
283
243
281
