336
327
385
295
343
313
331
283
270
312
289
298
292
270
313
308
274
303
278
292
268
284
318
264
301
274
297
277
261
276
296
285
307
280
278
328
296
308
335
275
287
292
265
307
292
308
317
290
287
272
300
281
272
263
273
255
338
320
260
261
302
264
268
269
254
474
296
412
308
309
303
411
339
332
283
289
273
296
271
294
314
292
269
273
273
285
272
292
265
278
283
269
273
251
274
275
279
270
271
278
297
288
267
265
273
286
251
313
393
269
279
296
316
281
295
289
276
292
285
275
294
291
292
307
287
285
277
331
291
270
280
273
272
297
303
297
270
269
260
264
254
281
258
313
268
295
271
279
295
284
279
293
292
297
305
291
278
303
284
278
301
272
276
324
259
264
258
264
269
314
278
276
281
280
281
296
263
307
296
301
289
271
298
279
313
298
378
249
307
332
277
282
336
338
311
358
302
289
276
311
298
256
261
315
310
308
309
256
271
257
304
252
305
259
268
290
277
283
287
311
280
280
265
312
284
256
291
281
277
266
263
263
299
284
270
286
321
273
290
285
297
312
335
267
264
287
327
281
297
275
278
273
281
271
277
365
277
259
260
249
275
263
275
292
250
292
287
328
465
406
411
265
274
284
297
289
295
333
315
293
410
334
405
423
341
287
401
294
303
322
314
296
276
310
431
316
361
275
298
310
299
292
307
300
426
313
338
302
301
330
299
315
401
311
302
343
396
296
290
389
304
315
318
369
278
279
306
338
303
356
352
293
296
276
278
268
293
309
281
423
343
357
510
452
321
294
291
300
287
274
298
283
394
323
299
309
281
300
276
309
312
299
289
345
321
318
295
292
317
289
273
276
273
309
254
288
358
274
273
281
271
282
265
257
273
266
270
282
261
297
311
272
277
282
265
286
282
292
285
268
288
284
299
291
279
285
255
259
259
256
270
259
354
397
258
284
382
267
289
289
290
311
307
330
329
312
309
339
310
273
321
278
277
283
268
270
291
287
330
304
271
298
293
311
294
293
269
282
272
273
291
301
279
239
273
253
285
283
371
271
302
273
284
279
268
329
286
274
309
271
277
276
269
262
258
75635
271
261
290
250
285
272
272
268
256
312
276
279
284
271
287
287
294
280
264
272
263
276
282
358
