210
199
188
189
274
213
251
196
191
372
276
254
200
349
207
205
195
221
226
220
197
202
218
195
207
234
222
206
198
198
214
215
208
203
220
205
217
192
216
187
335
224
194
232
234
184
191
372
258
256
293
214
201
222
194
194
222
232
208
184
212
222
206
221
232
226
231
226
201
204
205
183
216
205
203
217
215
201
217
204
210
234
221
225
287
217
194
239
204
224
216
214
217
224
194
207
215
221
204
185
222
208
202
215
196
196
198
200
229
206
204
206
217
211
201
214
192
201
196
196
204
223
192
198
214
181
193
174
201
187
210
219
216
220
208
206
214
189
194
218
192
212
207
206
216
175
202
207
206
197
208
194
201
189
204
222
191
207
194
228
219
219
204
245
195
198
191
202
199
193
192
200
189
219
218
220
193
203
194
206
220
217
216
200
191
221
212
195
199
194
208
193
189
223
183
194
200
201
210
221
203
194
185
190
226
204
201
204
193
200
191
209
209
212
211
208
213
206
196
201
198
209
189
207
204
199
221
184
198
217
224
182
217
205
210
211
189
211
204
206
192
208
201
222
190
203
194
200
199
198
192
213
212
194
211
210
193
198
217
271
198
196
202
211
200
205
205
182
197
195
185
189
199
171
201
189
206
207
238
229
194
201
205
259
218
197
196
207
190
206
206
203
195
219
207
218
185
207
191
201
216
208
196
171
220
217
186
196
207
212
199
194
204
259
199
191
193
252
214
200
211
215
200
212
198
187
246
206
194
211
214
214
195
200
193
225
192
213
186
201
189
203
182
210
230
209
204
188
193
197
208
202
211
194
206
197
210
220
215
219
211
196
199
189
206
190
199
201
189
203
180
200
170
188
207
202
195
230
190
196
176
197
201
207
209
199
203
191
187
201
212
220
189
190
198
204
190
202
189
205
204
204
195
212
204
199
193
190
178
199
201
195
206
217
196
202
200
211
193
204
195
198
195
199
203
196
206
201
201
188
191
205
199
178
192
205
190
187
187
209
185
211
198
228
204
211
195
184
186
196
207
187
204
217
194
192
218
192
199
230
205
210
228
204
206
201
197
217
201
211
200
190
219
192
244
200
197
206
195
206
217
201
207
192
227
204
221
211
211
199
207
196
205
211
194
186
186
191
184
206
