194
239
447
216
219
229
250
203
207
215
226
233
224
201
217
196
213
218
216
223
223
240
213
196
195
208
219
245
220
201
225
234
216
228
200
199
202
222
235
219
196
191
229
220
210
190
194
201
189
206
205
213
219
236
223
209
228
202
193
215
229
197
221
212
191
198
216
193
209
220
225
201
189
221
212
224
249
204
243
240
226
224
223
233
220
198
209
234
226
217
209
224
226
235
222
240
196
230
194
232
220
221
187
210
212
211
199
209
230
209
230
220
247
247
198
224
224
222
206
193
230
233
212
219
220
223
207
241
193
190
246
196
234
206
207
203
204
188
222
224
194
230
201
232
221
236
210
224
208
218
218
224
210
211
221
234
213
207
185
196
187
207
200
219
235
203
200
235
239
230
247
207
192
227
215
202
204
212
227
230
209
223
213
205
193
215
220
231
207
224
211
180
197
219
208
198
204
223
196
204
223
222
223
227
210
240
208
217
226
220
211
208
195
222
201
219
229
238
204
211
207
217
194
216
240
274
204
211
191
219
209
200
222
242
216
225
222
230
215
223
208
195
189
201
206
212
207
210
232
220
189
219
213
205
197
236
211
197
198
199
214
197
203
226
205
218
222
201
207
210
224
228
231
200
215
228
217
205
199
205
228
206
192
224
156
202
225
195
240
214
209
202
197
210
192
219
195
219
201
216
198
201
201
205
206
204
202
206
223
201
212
211
215
221
209
299
348
279
262
295
285
204
252
235
304
221
242
297
277
219
219
302
273
234
318
319
265
239
293
275
296
415
440
254
243
229
192
309
209
227
213
231
191
235
219
208
248
220
250
202
284
234
250
216
242
240
238
286
222
232
207
207
204
214
217
198
215
225
220
225
211
213
222
211
219
204
211
213
202
244
191
219
219
253
230
224
287
487
222
212
233
219
213
244
215
247
194
192
204
217
213
287
299
220
202
211
318
268
241
224
246
246
228
252
227
222
207
204
237
219
217
212
231
235
241
204
203
202
233
206
200
227
229
188
276
198
241
262
244
232
228
221
199
221
228
191
219
210
218
208
238
217
209
234
230
211
207
211
181
191
215
204
211
219
242
205
194
286
245
226
221
232
216
209
214
224
247
220
221
222
197
213
242
233
208
223
237
206
235
212
