160
167
211
183
196
174
221
152
178
179
160
169
165
153
164
186
211
227
258
254
179
176
180
155
183
160
164
152
153
163
152
163
180
162
168
152
188
148
174
146
144
155
182
164
141
159
166
152
158
154
153
159
158
144
151
155
152
161
154
146
153
151
158
148
227
230
215
156
166
150
156
156
163
159
176
168
167
169
174
164
168
162
142
152
150
163
164
151
218
151
143
184
156
207
180
240
150
149
151
177
156
155
159
179
192
211
200
188
236
202
197
173
347
229
201
189
150
181
218
185
189
154
163
212
160
161
158
178
165
159
160
183
171
163
164
157
148
170
154
158
146
164
160
155
175
160
150
154
150
166
155
137
150
143
147
144
161
158
168
175
149
148
179
157
186
161
202
170
157
159
152
174
157
156
156
149
173
169
178
149
159
146
157
151
145
154
155
156
155
171
139
162
147
171
156
167
160
153
192
189
147
160
147
150
154
156
161
147
156
156
178
151
155
152
156
151
149
170
166
198
158
150
152
169
163
169
156
178
141
154
225
152
184
148
157
166
151
153
145
228
168
142
158
168
163
224
191
160
173
155
148
174
171
170
159
141
159
159
153
145
148
148
162
155
161
143
186
141
153
184
156
155
155
149
166
150
212
156
157
156
170
175
152
167
153
161
182
152
154
161
148
152
154
153
157
157
160
158
156
160
155
140
157
159
155
154
166
163
155
152
149
162
155
149
153
150
161
147
151
158
152
161
154
158
158
145
149
155
158
147
160
156
179
134
155
170
167
163
148
167
158
154
143
156
153
164
150
144
156
171
150
167
154
160
154
151
152
153
161
144
170
155
150
149
159
153
145
149
154
159
146
150
160
154
160
149
159
163
158
151
158
147
141
161
160
159
153
149
151
146
141
152
162
146
166
157
152
151
152
149
139
155
158
153
161
156
157
167
156
154
148
156
159
150
168
148
149
163
149
152
147
142
164
150
168
154
147
156
155
156
164
149
148
158
157
153
151
150
156
154
163
144
142
153
167
147
156
156
161
154
160
158
159
176
163
146
153
162
147
146
159
140
174
153
168
152
161
151
176
157
158
152
149
182
150
159
162
143
169
152
143
165
157
151
175
154
149
158
176
151
145
170
156
145
159
161
180
158
150
157
