163
173
166
177
160
165
157
165
170
172
162
154
173
167
168
161
162
166
166
151
149
165
164
191
187
170
175
149
162
148
159
151
166
173
170
157
171
170
164
170
151
164
170
155
178
154
172
153
171
160
148
171
164
170
164
193
161
164
173
168
175
166
173
167
157
166
163
167
164
156
162
168
175
178
162
154
167
169
137
168
198
159
162
176
200
169
178
158
167
167
173
163
168
168
177
171
184
168
189
125
177
161
157
163
176
141
165
171
167
170
173
188
166
154
195
158
165
158
176
160
152
149
165
153
187
166
172
165
133
149
156
160
162
169
155
173
170
163
152
167
157
160
177
156
153
172
154
173
169
153
163
166
167
187
166
170
156
153
175
149
167
192
188
155
176
172
161
159
176
170
170
157
164
162
172
163
165
171
154
175
161
177
167
164
161
177
154
151
177
172
169
184
191
166
153
167
164
170
161
178
174
173
168
170
147
164
152
169
158
163
152
167
145
172
166
162
174
162
169
189
165
170
152
182
163
163
162
168
170
149
159
160
178
181
163
175
156
163
163
169
157
164
165
149
165
168
167
148
172
145
163
160
172
155
166
154
165
178
150
175
167
155
154
171
170
177
178
182
159
179
173
170
162
180
158
164
168
150
178
158
166
152
156
181
169
161
167
171
164
160
156
168
163
165
177
188
157
143
123
168
153
142
152
167
172
175
169
154
170
153
167
161
154
160
174
151
162
145
172
177
198
153
171
180
162
166
163
163
168
159
168
149
163
143
167
175
163
161
167
162
172
166
160
130
156
168
174
165
160
179
155
168
171
161
180
156
161
170
172
172
203
172
163
140
158
174
170
162
142
165
164
168
162
159
170
167
161
182
169
176
162
160
168
167
162
172
167
167
170
164
167
172
151
166
169
176
133
167
164
177
185
166
161
146
164
174
185
160
163
180
168
164
171
157
167
168
173
155
164
173
156
131
159
168
174
157
171
166
189
157
166
158
170
158
166
178
155
157
164
159
171
177
156
151
127
156
162
171
160
157
160
169
152
162
157
177
180
182
159
164
160
161
165
160
149
170
163
170
159
164
156
160
173
168
159
164
164
155
171
169
164
160
163
167
154
159
176
145
169
162
155
162
153
153
172
161
160
166
174
153
