229
169
218
172
211
197
192
214
177
201
191
186
180
183
185
216
220
204
192
193
196
217
196
193
216
171
186
196
175
201
176
205
197
198
172
179
207
205
195
186
205
222
206
214
183
189
177
199
186
215
194
179
198
201
219
201
176
207
206
199
219
225
195
176
222
205
203
223
185
189
190
228
197
190
196
208
183
175
188
185
198
196
190
201
179
193
213
198
216
190
204
223
193
225
174
201
214
187
197
201
211
186
178
198
202
195
197
185
184
185
194
198
187
183
210
194
189
204
198
195
197
201
216
221
189
196
201
214
205
196
179
208
178
197
190
206
186
212
201
181
221
182
195
209
188
206
184
209
180
218
197
203
172
210
192
207
184
178
205
224
189
202
195
206
210
202
203
177
184
201
204
200
179
182
190
220
205
200
195
190
182
192
217
201
192
191
187
187
206
211
177
185
180
194
214
192
182
188
174
211
203
188
185
173
179
192
214
208
199
176
180
202
170
204
195
205
177
198
204
221
199
220
274
202
195
184
201
172
214
203
214
200
195
223
178
193
227
201
202
217
222
191
202
199
193
166
205
200
189
212
179
204
200
208
183
173
208
173
218
219
194
198
186
200
175
213
270
172
219
177
213
171
213
180
212
188
207
201
199
195
197
200
179
194
214
202
209
211
200
178
197
217
176
210
189
201
177
213
205
185
202
190
211
185
198
209
225
209
176
219
200
214
176
176
189
177
197
194
181
192
189
197
192
202
192
200
211
212
199
179
199
256
191
199
174
184
201
217
191
215
205
187
211
187
200
206
307
227
271
228
213
298
244
190
216
207
185
203
198
188
209
240
203
192
201
191
190
217
180
190
211
208
219
230
205
187
201
177
194
188
232
195
216
185
188
208
180
206
207
201
179
248
211
184
216
201
220
202
204
172
191
186
209
179
218
203
177
201
223
206
190
217
198
185
179
208
185
191
170
207
189
189
219
204
212
206
192
202
209
190
204
194
222
190
200
203
192
192
218
174
199
188
207
197
251
174
191
209
204
207
212
225
199
201
203
204
173
209
215
193
187
189
218
205
211
193
187
182
201
201
227
200
197
186
187
185
193
198
198
186
194
208
183
205
200
177
204
206
205
196
184
195
207
171
188
177
224
197
193
170
