236
213
228
228
220
219
241
220
209
207
225
226
220
221
225
207
208
245
237
236
224
214
214
219
222
256
215
212
204
232
206
220
208
221
250
228
229
198
211
219
193
223
202
234
213
238
238
209
191
211
227
201
233
229
210
222
215
225
205
220
215
232
222
224
212
237
218
200
249
229
221
204
215
220
225
238
214
204
225
216
216
216
233
247
228
214
220
223
221
219
233
218
203
228
218
231
227
217
215
213
211
203
211
202
205
207
261
232
212
226
211
211
227
227
214
220
229
209
222
195
210
206
227
214
233
228
220
208
219
255
210
230
222
225
223
216
218
202
211
206
240
212
241
235
228
228
217
229
204
231
215
213
226
198
207
202
223
213
214
292
224
238
220
232
252
232
231
224
217
219
235
236
222
220
196
217
217
201
231
270
201
309
219
212
250
240
215
224
235
223
264
236
257
230
221
212
252
232
225
201
235
221
214
195
222
205
230
210
234
214
241
214
211
211
204
240
220
221
206
203
211
221
220
236
223
229
238
229
221
234
209
213
224
224
220
225
222
208
221
234
223
228
233
205
212
217
238
225
233
217
216
219
222
224
205
243
296
203
221
212
215
227
225
195
219
216
197
214
228
217
227
220
226
241
229
226
228
243
224
212
233
217
226
225
217
212
228
211
224
207
225
226
221
215
202
237
234
223
199
223
216
215
214
223
230
241
201
220
225
209
208
214
205
217
226
223
220
245
205
215
263
225
211
223
222
213
223
216
301
305
259
304
218
203
216
237
239
223
216
201
244
219
244
206
205
251
220
221
217
222
192
213
211
214
295
214
232
209
216
244
220
233
201
211
222
216
211
227
213
217
229
207
230
219
186
215
220
192
208
244
226
210
202
216
239
219
220
233
203
199
241
217
211
216
231
222
233
219
218
214
213
218
209
216
226
238
217
234
201
214
219
203
219
216
206
211
192
235
212
215
195
220
217
214
207
234
216
237
210
225
224
225
222
240
230
217
210
213
224
226
212
215
226
240
244
213
204
217
209
223
220
209
223
219
213
202
212
211
209
203
217
223
198
198
195
204
213
204
197
247
205
193
232
245
202
216
215
224
243
220
220
257
225
214
197
203
210
223
206
214
207
223
251
217
237
214
229
199
218
229
