292
194
219
224
213
207
207
222
199
213
218
202
212
208
207
193
189
197
196
195
203
214
228
276
288
351
218
214
209
212
242
194
204
196
198
235
218
195
187
208
202
206
200
202
211
203
200
207
194
185
248
256
234
224
261
188
212
210
217
200
210
192
217
206
219
204
215
213
218
204
196
205
210
197
199
247
208
201
240
251
221
211
215
234
220
240
193
211
202
203
185
216
187
210
215
205
198
215
212
189
211
182
210
201
203
220
219
220
211
189
202
203
216
222
182
199
208
201
218
199
200
212
236
213
205
192
214
213
207
219
202
201
206
214
210
209
203
210
214
216
206
164
208
191
208
212
205
204
178
196
209
222
211
231
217
203
200
209
193
201
190
217
207
210
191
281
204
224
220
212
204
209
228
231
218
218
221
216
229
215
208
227
225
209
214
233
200
219
225
250
229
230
220
205
218
215
192
220
226
217
194
214
232
214
235
235
212
248
238
211
231
241
230
203
234
212
215
193
213
233
213
234
231
219
210
206
233
221
239
243
238
216
260
245
222
231
236
292
243
227
213
229
233
210
222
237
211
229
234
237
233
210
245
222
210
222
205
250
226
224
231
211
227
212
212
217
216
226
218
222
225
229
240
242
213
221
208
237
197
239
219
181
224
230
221
225
230
227
204
227
221
222
227
197
208
203
213
232
237
234
227
225
211
222
199
227
249
216
212
303
221
236
208
211
241
243
197
195
219
220
245
201
215
229
232
217
234
224
205
226
196
217
232
197
225
207
222
214
223
209
248
239
231
233
231
237
205
221
230
220
203
231
231
221
226
213
237
197
215
219
228
219
222
252
208
232
223
219
232
209
196
203
231
218
218
211
217
222
218
215
233
220
218
236
198
229
225
217
222
218
219
223
181
183
231
208
222
219
233
218
211
225
235
229
222
232
210
205
228
227
229
211
224
241
227
205
228
226
214
222
212
217
236
230
220
209
215
214
186
211
230
202
218
225
214
217
238
210
215
224
221
195
251
214
232
220
227
242
207
215
222
206
217
210
224
215
211
201
240
220
209
206
209
233
222
228
222
227
256
233
228
219
224
225
237
237
223
190
227
224
227
231
225
235
226
238
214
230
224
220
219
256
230
205
227
235
219
229
231
215
