215
228
235
222
210
211
228
238
223
223
211
218
227
215
221
222
232
233
217
233
219
197
226
196
207
235
231
207
201
227
225
213
239
226
209
246
221
226
223
195
218
203
235
209
221
213
194
215
231
233
230
203
231
216
218
233
213
220
267
232
217
247
231
217
198
236
242
226
197
219
216
241
207
204
221
215
196
219
217
226
215
227
204
214
219
224
228
230
231
223
216
210
214
226
213
221
225
230
219
203
217
213
200
212
219
214
210
202
219
233
235
213
230
211
200
217
227
227
224
225
209
219
217
226
239
209
217
218
217
207
206
235
215
213
230
215
218
185
230
177
219
222
206
215
234
232
212
218
233
214
212
219
222
222
235
225
203
215
226
206
207
209
219
216
218
210
239
204
196
223
202
220
202
214
209
216
215
223
226
211
210
229
214
218
216
229
184
215
216
190
212
210
217
216
214
196
219
204
200
214
221
205
200
201
223
231
239
233
240
198
227
224
239
232
216
228
224
222
215
209
230
219
216
227
178
236
197
231
218
211
215
222
226
208
211
220
229
213
223
196
193
225
226
224
235
195
223
186
216
215
196
218
200
222
222
236
190
217
217
220
220
214
235
202
217
223
214
233
177
210
200
218
211
223
213
215
218
220
221
236
220
194
218
218
218
226
233
229
232
189
209
220
215
200
203
219
203
233
216
218
212
222
219
221
220
199
216
212
228
227
221
221
215
228
206
173
202
221
213
218
216
218
214
205
213
229
238
225
372
200
214
197
220
216
218
185
218
194
203
208
217
224
228
156
225
158
208
213
201
228
216
226
214
227
226
207
219
201
209
216
218
220
223
227
220
192
204
205
201
229
222
205
195
223
207
223
226
223
223
214
217
220
197
225
213
211
216
232
232
226
221
204
238
222
219
195
202
211
226
220
225
218
222
205
214
214
219
233
217
228
199
221
213
188
220
199
225
219
211
217
196
222
226
213
217
214
653
222
223
214
223
231
222
218
216
221
227
230
237
196
216
221
233
220
218
233
193
226
227
201
221
224
219
221
229
192
219
193
223
217
181
214
224
234
219
232
204
220
212
204
207
226
207
222
210
197
229
221
161
220
190
182
200
213
216
167
220
203
210
211
209
218
236
215
188
206
222
220
218
197
