182
190
188
179
197
197
186
176
190
196
194
191
187
183
190
186
190
188
209
174
182
173
199
198
193
173
183
199
202
186
209
200
185
165
211
179
149
161
197
170
191
165
176
177
173
185
186
188
171
183
181
212
179
178
188
166
193
170
181
182
180
169
186
172
188
178
189
192
170
169
201
174
192
189
191
186
189
185
201
189
191
182
197
189
176
174
193
171
186
194
188
194
183
194
185
204
201
208
176
183
148
181
202
185
167
197
160
201
188
193
200
165
175
174
178
184
183
161
187
170
217
176
185
180
183
209
195
187
173
165
176
172
172
204
198
177
178
175
167
187
207
193
176
199
181
179
179
188
190
181
171
178
148
170
177
207
168
190
176
180
175
186
178
178
187
173
188
187
172
211
177
192
201
188
185
185
201
174
198
195
191
185
185
170
235
191
193
176
166
176
166
185
199
174
197
184
185
186
185
195
172
169
182
190
180
165
174
190
181
181
163
188
178
189
184
177
199
166
188
196
242
217
215
218
204
258
280
263
232
260
240
261
283
260
173
250
252
249
169
208
182
190
165
260
232
189
204
185
189
188
187
230
262
287
178
186
196
187
174
196
186
205
211
179
183
240
184
193
194
195
188
186
193
171
188
188
179
172
228
183
187
202
193
168
195
174
207
178
191
184
194
194
187
201
180
177
201
183
190
166
185
217
173
190
175
189
205
201
183
182
174
216
182
192
199
187
176
174
182
174
188
196
193
185
179
198
179
184
187
171
184
195
183
192
184
189
245
203
196
179
191
179
172
201
271
181
172
192
184
180
175
160
169
180
185
227
193
192
198
194
184
217
199
183
194
181
252
170
189
199
188
177
193
209
178
197
188
184
182
191
198
207
204
170
193
184
187
230
177
209
183
185
192
205
155
177
188
191
190
156
183
187
181
222
185
199
237
204
179
195
183
190
181
187
190
182
195
187
175
164
193
178
272
170
172
188
177
187
186
171
190
183
171
179
174
173
177
200
172
176
210
234
202
208
180
226
201
226
212
222
187
214
204
177
184
175
181
187
204
187
182
198
184
179
185
188
182
165
184
206
179
175
188
184
180
185
181
196
191
179
195
174
181
276
162
220
249
244
178
233
169
217
180
169
174
186
209
192
179
199
