133725
134262
133751
132617
134390
133602
133428
141215
136363
134662
133106
134286
132968
135218
134480
133770
133082
136151
133968
134120
126726
135447
134861
132901
133672
133248
134073
144766
135299
129547
134320
133196
134485
133437
136638
135335
134960
133839
133427
144616
134968
135557
132271
166296
135714
135156
133997
135776
136944
133587
135450
132724
133467
136036
134790
129481
135380
133022
134402
140992
143319
168603
179952
171784
183316
183319
184880
262175
185041
180529
147297
141189
174549
193619
192531
163603
166083
150548
144561
143181
163727
155376
147150
158930
150910
143447
154380
154353
155239
154311
143648
145356
160629
147168
154291
145006
145564
142993
210204
145443
