20074
20044
19561
18324
19170
26848
22535
28235
23056
22989
20150
18502
18532
17560
22392
23906
22188
22829
20409
24041
18014
23278
18250
22161
24855
22266
22814
18118
17664
17663
22715
27569
18289
21428
18068
18048
21772
22550
23248
17675
18219
18217
17748
18281
17616
21462
22513
16521
18300
22399
17733
20560
22234
17484
17490
20335
16238
18457
18488
16479
17157
16574
16444
16404
16246
16164
17606
16561
16403
16347
16256
16399
21201
20790
19986
21056
23093
21204
16111
20039
16949
17332
16244
16664
16512
16746
16505
16262
18934
16533
17090
16657
16795
16748
16505
17028
16799
16294
17007
15833
