164981
159887
162687
348203
162541
162083
161330
182113
160648
161552
165380
157344
153398
148458
161108
159242
158805
158981
163504
160128
159577
159283
161601
162598
160046
158523
161018
162326
162147
158689
158159
191153
195429
202392
197415
207222
196219
169349
159973
162278
162022
162123
164653
194619
164080
165238
164341
161557
164784
159916
155453
162664
160569
175853
164179
202456
159031
174443
173104
175934
172558
168083
163631
186058
172471
176452
174286
175302
170739
212308
176991
170633
205427
172652
218029
173264
207923
175434
225773
173832
190377
174028
200308
172048
172678
251979
172267
164618
172453
171718
177250
173506
184233
175691
172809
173454
184088
194741
176946
212433
