46342
45021
47073
45293
44597
45174
76243
45581
43977
55374
49602
47219
41772
48051
46608
44085
41324
48010
43704
42181
41466
41531
41215
41319
41213
40997
45968
41644
48806
45994
46562
49584
42004
41670
41855
41922
49997
41443
41365
40617
41144
41329
38354
38407
38416
38275
39160
37390
37687
38511
38873
38269
42819
37979
46243
37924
38427
38242
38716
38760
55530
38891
38138
37830
37797
38842
38251
38357
38315
39276
38904
38224
38555
38188
36385
38185
38603
38383
43498
39147
58312
38201
38091
38302
40651
38600
38540
41975
39185
38324
37798
38425
38948
37585
38363
44567
38086
38236
37794
38543
