248741
249707
247648
272230
239116
249366
258627
249079
244990
233732
249835
234516
246689
249573
233790
241763
234361
231564
233751
249984
232113
235062
232850
231732
232246
257850
298065
233305
233299
231096
233204
247035
233256
234169
233081
232828
233329
233235
232769
233043
233328
312724
231899
231504
232356
233898
233488
232006
231034
288684
234282
232827
232908
234027
233759
233574
235345
231408
232201
232513
233522
234322
238265
233616
232912
232619
217329
233842
231400
251017
514745
233954
223703
231337
233999
232611
233030
232685
237346
233787
234530
232005
233562
231293
233662
231404
233761
231970
233286
233945
233418
233003
248986
232816
234693
233394
232028
233347
231693
242217
