606141
609214
605472
607162
609596
571426
609730
604623
605182
605254
605564
607453
605560
605552
669111
604498
618325
620679
607422
589166
629642
568678
605253
623845
608465
605782
595808
571608
606838
649733
567944
608110
978103
605829
581887
617016
567647
571001
600783
728215
605331
567406
574240
607191
604581
666633
567734
570225
594532
605161
606238
569818
568604
569863
608055
703857
640564
577211
606445
607396
606958
606045
585628
589961
606413
604538
606570
609110
571905
607323
678663
606635
605854
657622
605705
607294
619501
605612
605332
571848
606757
604469
575340
603286
606484
569692
579159
605970
606208
577996
604487
613335
656655
607213
605686
619348
606184
571622
656053
607981
