146433
131636
154064
129876
131261
130947
157003
128960
128999
129324
129330
130231
130325
119321
128982
130275
129136
149434
137802
128741
119309
127601
122464
149183
129873
130061
130099
129101
120350
119710
119237
120280
123803
120367
119584
120798
119809
121167
121449
130387
121121
120913
121001
120868
120507
121112
119524
119459
119920
121738
131518
120013
120093
119958
118747
120042
120651
208100
121048
120176
119835
120081
138165
120456
120997
126423
119883
121376
120747
119986
120163
121186
120810
120426
119812
120164
120742
119051
119428
144290
123158
121115
119086
121325
119873
120758
121690
119300
121338
119286
120242
118652
120436
119627
119631
120766
120322
113166
112482
111791
