96670
84747
99681
91658
92221
81081
94443
102903
92846
95177
95084
93280
92515
96036
94944
94691
93896
94315
92070
93726
93903
96785
92549
93553
92998
80640
93338
96670
95226
92562
95179
97275
94098
94491
102062
92876
94398
93688
96185
92341
95120
92580
98539
96447
96412
92585
92594
95902
92179
90921
93256
97229
92982
92506
93313
95870
92601
92554
94314
95640
89054
92764
94195
94874
93148
95541
93885
82163
96374
92326
91205
93855
93971
92793
81157
93224
108045
93146
94116
92665
96927
93049
90781
94263
92857
93411
96152
114504
91389
96156
92361
94456
94139
94801
87752
93017
94905
91868
94314
94876
