123324
116107
133471
115978
117459
117364
199983
116546
116054
119589
118507
115639
116662
117777
110167
118950
116406
114383
118697
117755
106009
115624
117448
115953
118599
116763
147014
128755
131245
153667
133456
125261
118244
129182
115502
111929
104979
125833
134639
127468
116622
116021
117655
117593
116717
116747
118532
117576
115927
117089
122570
109988
117014
116078
117277
114976
118352
118875
115747
114239
118430
122896
119755
120176
113345
158239
118307
117420
118563
117270
116462
119126
119083
120717
116511
218667
119050
115700
116614
119028
130778
115759
116502
120457
117210
115586
109102
117840
120038
143494
135114
115127
116985
125521
121229
118646
116643
119979
117654
121182
