46301
46993
46814
48141
50947
48871
44451
44431
47364
45863
47737
53495
46463
59680
48539
45704
53439
60746
64443
63592
148875
50240
47895
48606
49831
50968
49280
47303
46848
49269
48490
49951
48245
47512
46981
39663
47008
46626
46497
46615
50362
46478
47644
45903
48456
45976
48972
46829
47051
46851
48637
46029
47254
59981
50487
47802
48065
42537
46584
48558
43634
43388
47009
49433
48600
43581
44489
44942
43287
43671
44542
45781
42969
43921
44875
46120
55202
43386
44796
44978
47863
43576
47370
44441
43489
43551
44613
61750
44839
43476
44137
44992
39531
42514
47132
56436
43483
44902
43782
44408
