202901
196527
192064
198194
194789
173609
191654
186754
193676
191153
194660
192018
194905
191455
191254
194795
187422
210138
178321
191254
172684
192595
190787
178483
172908
177373
174390
179719
178489
177194
177663
187416
179288
179709
180261
181507
181420
182111
177851
175499
173640
181435
173435
176819
178687
246420
179476
180306
165753
239447
173870
177210
182323
173576
195985
179722
177123
161805
178237
178355
184640
178553
167280
172662
177611
167770
161690
177638
166843
162781
161651
162061
173285
167906
165847
166114
165315
167837
170557
170606
165151
165843
165545
165568
163183
166739
163571
168356
165963
160814
166736
166377
165676
168126
179619
166124
167011
171510
171374
168742
