995237
938336
1005761
977232
961742
975880
956404
1017806
1058441
1000635
990624
1021042
971623
925183
980751
1016278
995862
981566
1014100
936971
1035742
1001431
943367
1008664
940970
1015881
1069486
994280
938063
983654
1044810
965841
981792
1020011
997927
1048357
1005734
1092525
989648
1029430
945385
983567
1001978
986225
1015423
964572
1001682
954019
1025770
1030194
976741
1000134
1002476
939255
997410
959083
1048114
986536
976664
997485
987370
991705
1002842
1016586
977182
950035
924904
1026432
946110
925217
1033501
1207119
1384248
1257262
1392221
1534386
1531473
1128441
1305491
1145979
1241740
1316670
1070992
1057851
1090894
1054997
1146906
1351527
1497290
1053070
1108722
1094592
1127036
1111433
1143549
1227226
1122889
1119599
1077933
1070490
