3152895
3148402
3243321
3197029
3120181
3008186
3195141
3106166
3169754
3128280
2961307
3239790
3086461
3087570
3346466
3055853
3070084
2990353
3136112
3100696
3118562
2979457
3112760
2978794
3067598
3059525
3049508
3106115
2945713
2911149
4476033
4600809
4094131
4092097
4930020
5467299
3326448
3595693
4021991
3495510
3561161
3372526
3538056
3814211
3451147
3773325
3513992
3418679
4649946
3519711
3533473
4442170
3886167
3394686
3524748
3765805
3531367
3444715
4030283
4644839
4075478
4273554
5083855
4906321
5010429
5111809
4868300
4832981
4894099
3743888
4311229
3918328
3691450
4117099
3829320
4062091
4322056
4999721
4299583
4679080
4585943
3639855
3860213
4051248
3685627
3455810
3500212
3864874
3218111
3327637
3230947
3303986
3271476
3203992
3279633
3318245
3152710
3575703
3141121
3244342
