263
311
294
291
280
291
268
304
348
266
255
297
287
312
284
274
266
270
320
323
266
302
272
268
271
326
266
271
274
290
291
307
293
298
266
265
270
255
262
283
268
281
294
284
270
259
268
291
269
296
267
251
253
261
262
291
265
287
264
250
278
264
288
295
263
264
285
277
279
263
242
269
290
272
266
283
266
307
271
258
262
260
267
271
263
272
266
277
281
261
298
271
277
268
319
268
248
287
265
268
261
274
288
242
271
254
303
256
268
257
271
269
267
281
262
283
271
273
250
267
264
279
267
276
267
285
263
274
281
256
241
280
273
266
275
268
309
263
267
287
263
287
260
267
265
276
246
269
265
270
266
242
275
271
266
257
264
267
261
265
253
270
266
260
248
259
261
265
269
295
280
289
262
270
263
273
262
261
266
266
262
265
261
255
280
263
270
267
264
269
268
282
275
303
256
245
264
262
268
285
262
257
273
437
265
263
245
248
280
246
277
276
282
263
244
275
275
274
265
254
267
261
261
286
261
270
276
256
256
263
298
261
252
271
281
291
266
247
261
277
283
272
268
257
260
243
274
253
267
263
244
284
266
267
266
261
271
274
261
268
275
262
261
258
271
275
261
260
272
273
249
243
285
285
239
293
379
245
426
267
367
579
323
318
356
264
414
307
281
685
263
292
287
274
263
306
260
263
261
274
269
263
304
282
300
268
281
262
310
266
333
304
301
267
271
290
309
268
281
252
273
271
271
280
257
271
263
264
262
278
267
271
269
258
265
310
273
266
268
255
260
313
260
278
288
267
265
292
269
273
270
260
295
278
258
254
271
265
266
280
283
266
316
268
299
265
259
263
288
289
264
261
295
287
240
266
276
277
308
248
265
241
276
255
279
258
266
263
283
269
284
273
312
276
266
263
264
255
260
256
262
281
259
278
267
264
274
267
263
268
263
255
280
266
260
290
267
232
265
261
265
261
265
265
279
266
292
256
264
222
258
247
294
258
216
269
264
261
280
280
266
253
281
278
264
248
265
260
256
260
263
267
248
259
278
248
263
278
265
272
281
270
261
292
266
264
254
262
288
245
270
264
263
271
281
270
266
271
282
271
226
270
270
276
248
252
273
274
239
261
276
295
268
266
270
255
246
267
267
262
