406
343
410
321
365
311
377
371
390
365
346
384
329
343
342
313
326
320
332
296
316
286
291
369
330
318
312
330
300
318
296
316
323
298
432
470
423
415
452
446
425
331
374
332
526
404
357
321
353
353
404
553
530
343
469
462
437
529
531
324
318
296
386
315
299
288
400
359
468
378
528
362
489
407
407
304
320
323
359
349
307
334
309
297
284
298
325
308
405
567
318
315
319
322
304
360
315
319
309
339
299
378
605
389
462
329
326
331
312
312
296
308
322
386
511
310
724
291
334
408
306
319
322
342
282
315
335
388
357
570
379
320
342
320
370
344
330
363
249
306
410
294
304
403
484
385
410
410
292
312
350
326
293
332
294
328
305
300
458
320
443
349
5956
302
371
306
363
313
313
345
331
370
308
307
360
360
555
368
332
337
332
388
292
395
319
298
315
496
358
290
335
452
345
311
387
368
340
321
322
386
415
333
398
360
350
347
333
298
304
380
398
315
255
306
365
336
317
419
383
286
361
331
420
458
386
331
312
450
309
315
477
340
315
515
301
358
286
314
331
307
338
320
331
472
530
302
484
339
336
426
352
368
322
329
310
321
359
291
313
428
339
391
419
340
328
325
304
329
585
310
357
344
342
349
290
371
338
405
404
407
461
457
431
507
454
459
515
417
490
414
367
382
315
566
388
493
646
567
364
420
349
874
352
341
411
564
531
355
391
350
351
349
460
363
355
327
330
381
351
381
409
405
411
416
472
558
424
344
349
308
422
373
344
357
330
321
594
308
320
385
391
330
388
351
463
567
346
444
355
376
349
367
426
425
410
322
544
347
352
295
391
328
335
409
410
353
294
299
287
315
348
648
547
353
399
372
325
335
405
319
416
458
313
283
382
335
426
344
424
299
268
305
358
287
294
292
298
388
364
321
406
340
316
313
378
338
433
314
281
318
481
356
336
300
332
294
350
473
425
306
371
339
330
326
389
310
321
514
385
496
396
373
291
599
299
487
362
456
435
344
381
371
307
668
425
420
448
399
379
565
453
498
330
371
360
336
326
323
327
309
346
295
261
457
538
379
302
312
426
286
303
478
330
334
298
443
292
320
406
361
316
384
345
373
314
302
436
317
305
327
293
357
313
322
291
344
316
318
323
332
