336
380
471
367
495
420
339
284
383
313
400
302
391
374
580
317
398
329
372
443
338
356
356
324
386
435
394
651
362
383
418
358
337
356
313
368
354
487
783
310
411
341
325
350
293
293
295
358
443
456
375
370
433
352
403
318
374
370
352
322
346
380
363
319
374
327
359
350
324
346
300
308
488
333
527
417
320
310
294
327
404
343
325
325
497
434
429
469
387
633
314
373
313
360
353
397
416
478
437
328
349
441
476
444
634
476
457
617
544
504
453
455
506
436
365
457
358
325
437
388
355
327
388
366
424
391
340
362
395
420
344
316
328
302
351
431
380
468
347
323
348
346
334
333
362
347
449
409
391
477
395
408
336
291
408
304
364
442
322
370
484
386
384
318
465
329
316
311
371
388
305
356
513
562
384
351
438
354
310
368
368
318
742
459
315
383
440
362
469
368
282
329
379
302
290
587
434
549
341
332
334
334
301
303
377
379
451
356
483
406
486
397
396
339
298
342
431
526
501
449
509
344
390
350
469
404
490
570
291
697
460
382
336
376
279
383
608
538
530
486
341
356
322
340
341
342
438
395
400
504
375
415
419
455
361
426
331
412
502
373
508
667
383
338
411
347
373
346
402
487
517
374
503
384
880
471
396
341
444
432
391
389
395
372
402
425
683
412
515
426
468
496
431
347
313
401
421
521
351
387
361
396
349
377
323
378
336
366
305
490
336
329
456
350
480
321
329
337
495
369
401
460
353
421
486
309
333
328
323
528
464
372
451
566
466
308
374
346
372
407
302
425
414
339
319
325
415
335
362
362
341
417
309
444
334
435
338
283
483
358
317
351
308
305
291
377
322
350
313
364
322
348
317
321
332
386
311
305
393
433
311
316
304
361
324
312
700
306
311
300
315
454
473
383
299
318
318
298
291
291
292
338
277
343
295
316
315
526
289
344
291
393
300
317
294
392
243
270
300
293
295
337
303
340
354
357
318
288
300
291
346
328
397
332
339
410
395
501
359
410
428
419
320
423
411
464
358
359
307
320
334
334
314
323
287
318
342
366
298
291
321
328
297
307
343
372
332
283
298
427
402
297
316
294
321
292
296
273
328
302
329
301
339
414
305
313
307
479
455
442
423
407
317
596
443
391
316
293
290
294
