300
263
256
267
285
291
271
289
259
277
278
261
283
276
250
281
257
266
264
290
260
275
271
291
256
265
272
287
261
262
261
257
278
296
274
276
272
259
251
273
255
274
255
257
275
256
297
295
300
221
283
300
273
253
264
288
272
257
260
255
272
261
266
286
260
275
257
277
279
282
255
268
279
255
279
269
271
290
256
260
261
261
269
267
272
261
262
267
267
267
257
313
257
274
266
256
252
258
270
258
260
264
342
274
270
282
258
259
262
266
251
258
246
276
259
273
267
260
280
263
259
258
273
255
243
260
279
323
266
273
275
277
298
275
321
302
318
265
275
292
289
286
297
279
263
265
296
261
261
268
255
266
263
261
260
267
274
260
276
275
260
261
260
254
264
275
273
258
260
258
257
260
263
257
262
280
297
262
244
281
260
270
279
281
257
259
272
288
263
263
276
300
256
255
265
227
276
270
279
254
255
268
256
264
269
258
256
258
260
253
265
256
261
279
273
256
261
265
238
271
269
277
259
251
204
249
260
278
254
273
237
258
271
275
292
259
263
274
262
252
286
305
321
301
270
275
304
282
257
261
277
265
275
300
281
259
267
261
263
300
275
257
267
290
274
278
277
286
266
268
265
257
264
273
269
258
264
261
278
290
260
266
272
249
261
268
241
264
278
277
268
378
284
266
258
263
255
257
283
282
341
270
288
260
273
286
264
263
268
280
282
267
274
274
266
260
261
267
286
261
275
283
264
274
264
263
285
260
253
270
254
259
278
262
263
262
257
267
261
261
262
265
263
265
282
282
259
261
263
281
267
259
258
285
249
264
287
273
267
260
261
327
336
371
292
272
276
268
268
265
260
274
262
263
260
279
324
266
272
282
320
289
425
310
318
286
260
303
294
397
326
293
280
286
304
293
317
324
247
330
268
286
299
253
261
275
324
275
287
288
253
255
268
291
285
282
272
255
251
259
275
262
255
270
265
259
260
284
286
264
268
276
255
257
262
257
267
260
252
258
265
266
266
284
262
263
273
257
251
253
260
282
292
320
301
318
321
276
359
462
273
290
291
273
272
263
288
278
269
397
260
406
266
266
332
274
270
291
320
301
334
287
281
262
278
278
275
270
255
282
310
265
264
252
284
267
277
335
279
281
