112220
189136
112646
112421
112308
112490
112811
109740
111678
112259
112876
113044
110277
108139
111707
110776
110723
111727
102363
97355
105930
110213
121388
139204
110340
110826
112786
148640
111255
112978
119975
98979
109841
110203
111258
112430
112190
113408
114190
110937
124034
110457
111792
114396
112476
113315
113001
109885
116166
114313
111967
113592
111772
113231
112060
112915
103260
111771
110971
110656
113531
111746
125692
112259
111706
106645
111118
104564
112317
113356
103381
110803
111536
115045
115178
112208
110420
113207
112598
112961
112976
114384
110246
110917
113782
110595
110611
111951
114954
111306
114435
112650
121089
111465
110711
104255
110853
111274
110669
113495
