31726
35382
35456
35269
35376
35354
71481
34487
35916
34534
32350
32716
41780
38299
31552
32774
32828
33443
33301
32651
32272
28232
32408
32686
32254
32351
26500
32613
38848
33433
32886
27802
32914
42161
33070
32555
32435
30493
33368
31935
32635
233486
31983
32794
28784
32918
34808
40004
37632
39685
41369
39119
40933
38211
37412
40994
45490
32979
34968
31680
32418
32465
42859
35433
32627
30894
34705
33461
32445
31931
32681
32823
32636
32524
33649
41247
31924
31502
34274
35642
33906
35383
35018
36773
32111
32824
33423
32029
34355
33047
32047
29577
33094
32667
32644
32843
32687
32182
32805
40795
