91238
90675
90915
93737
91574
92607
90797
86029
90967
90770
91313
91787
91294
90911
90567
92693
91443
91824
91941
92531
91746
91075
90861
91154
92746
90984
106109
90673
91336
91440
91081
90081
94538
91546
83484
82492
91050
91860
91094
91472
91849
91542
91669
91103
83994
92310
76543
90518
91714
91315
90470
91287
92184
90276
91892
91146
91625
90375
91411
92134
90995
93163
94522
91629
90673
93091
90856
91741
91216
93184
92612
91170
91482
91406
90147
91025
93500
84471
91207
93001
92179
91493
92000
90890
90956
90603
105777
92009
91762
91503
90380
90825
91774
90008
92920
91066
90912
92490
92618
91506
