554
520
525
539
589
581
565
545
566
540
565
554
528
459
502
550
482
482
482
482
456
492
607
485
579
575
520
532
466
489
538
498
505
503
466
463
451
542
484
443
447
492
419
456
455
408
399
432
428
476
498
432
441
480
459
570
463
445
463
422
420
515
575
433
467
472
451
489
448
494
438
421
397
366
390
435
409
413
422
434
389
425
444
401
462
432
537
441
396
526
455
390
411
417
501
563
492
433
463
402
384
405
432
445
405
511
550
426
368
476
383
434
424
429
431
415
407
381
424
410
424
410
399
430
424
361
424
371
388
450
389
395
408
415
430
407
449
402
339
444
466
457
429
454
398
384
412
421
435
392
410
370
398
398
489
371
447
412
409
415
395
338
389
388
363
379
374
436
351
358
388
376
393
381
347
360
365
367
384
364
366
357
370
396
379
400
337
295
332
466
406
391
417
394
363
414
411
415
380
370
366
387
391
414
406
474
532
560
467
570
487
465
489
559
593
518
525
429
412
434
498
522
520
498
383
433
427
470
434
402
420
418
453
446
403
406
398
417
458
417
448
357
440
392
436
524
387
465
418
407
409
405
436
421
411
361
384
403
371
371
365
368
410
398
411
405
423
409
404
432
437
422
447
419
415
394
425
417
418
439
346
419
400
392
425
396
387
396
403
394
386
414
378
364
377
387
381
376
432
380
327
390
346
355
397
396
404
400
351
375
367
393
386
352
383
398
381
335
396
383
361
360
396
329
13071
356
364
367
425
344
403
389
376
368
406
384
342
373
403
378
371
383
372
419
332
339
363
411
522
357
396
376
378
355
415
398
396
386
326
394
367
385
414
375
406
351
370
399
341
367
388
375
396
405
327
393
343
359
398
358
408
377
379
365
388
344
369
414
383
384
433
330
323
398
366
403
399
382
375
390
411
398
361
378
385
357
367
357
395
379
365
339
353
355
364
377
349
402
401
402
420
573
411
397
426
430
341
399
414
398
364
393
292
354
379
385
308
388
309
348
412
402
397
333
343
370
424
393
382
401
399
360
356
388
329
343
390
397
372
396
309
365
441
402
390
310
402
405
381
338
349
365
367
345
391
396
413
345
404
397
374
382
408
367
346
371
368
395
391
341
400
357
373
409
391
340
372
423
368
354
