619
666
651
602
583
667
688
853
714
672
639
620
517
560
772
623
476
537
617
742
912
679
665
604
680
681
679
608
615
552
600
705
893
729
690
719
737
695
584
617
662
555
570
571
702
608
591
645
616
687
665
745
622
576
655
663
584
646
452
605
580
637
661
887
712
914
694
545
605
672
575
644
564
587
517
766
631
618
785
655
600
657
630
408
650
537
580
725
763
641
573
667
619
585
603
544
467
593
638
624
709
537
499
558
504
534
643
537
560
580
569
524
559
620
624
574
497
619
559
580
585
608
605
528
618
708
593
544
482
543
533
561
513
476
507
609
582
552
541
543
524
618
607
553
512
594
606
612
553
675
691
721
747
560
548
588
623
558
702
546
571
608
523
549
598
592
547
521
569
542
537
471
568
582
623
534
610
540
563
539
585
570
550
447
578
535
562
540
580
562
524
505
507
595
544
520
504
474
501
613
550
528
573
532
601
543
472
627
521
541
569
544
558
529
479
520
526
526
554
547
584
520
593
566
561
564
609
447
463
587
685
577
584
518
523
538
574
559
551
604
532
539
573
515
452
531
588
510
592
499
466
594
571
527
524
477
477
554
526
550
456
575
499
615
572
535
551
607
504
523
630
519
553
539
604
588
511
589
590
540
608
539
510
606
596
524
533
566
562
530
515
586
547
581
529
584
575
501
565
492
567
606
574
574
541
593
418
570
495
521
509
467
510
555
579
571
555
574
607
573
519
485
532
505
488
588
541
428
534
567
543
558
607
593
591
587
581
597
557
545
487
642
552
589
536
535
537
536
535
536
523
510
566
500
578
534
569
359
484
492
462
570
531
565
596
531
570
609
553
590
530
542
574
512
705
537
542
520
573
552
680
629
685
522
575
572
593
514
597
528
560
568
551
587
526
538
556
533
544
456
567
576
585
622
545
553
558
557
531
497
581
720
687
518
602
573
596
608
503
483
579
590
561
610
549
542
642
537
566
579
584
580
547
565
545
586
503
495
565
552
578
532
568
512
543
549
563
540
544
571
561
538
459
503
564
556
521
601
585
485
519
512
594
567
521
596
560
595
563
482
507
515
604
529
485
537
585
586
575
547
601
462
604
557
508
562
534
525
618
542
584
545
549
569
559
520
623
528
548
527
