482
499
520
531
513
485
462
468
503
470
494
468
496
451
454
414
467
480
510
454
449
364
458
471
500
456
503
453
409
478
498
466
465
426
473
482
416
506
473
540
481
496
450
423
483
487
438
360
440
476
494
483
512
549
446
501
482
510
474
436
418
484
469
501
477
488
504
470
476
484
443
433
443
496
394
465
358
497
497
466
502
423
460
462
436
492
473
499
488
469
437
514
430
441
468
543
458
466
522
435
440
427
486
482
468
485
508
479
416
461
515
482
478
392
466
474
451
531
514
489
476
550
471
527
484
467
521
549
453
367
473
421
430
479
510
482
489
511
482
455
468
529
437
448
473
494
474
500
480
480
507
494
526
469
444
462
454
466
451
414
448
439
410
505
389
475
565
490
605
529
496
576
615
639
481
542
469
903
514
506
526
492
485
518
515
500
378
485
733
500
518
484
478
477
459
480
475
465
467
534
507
530
506
462
462
465
506
467
476
478
467
506
457
454
502
559
511
459
472
502
463
462
503
530
491
508
523
822
493
461
460
470
577
478
436
484
470
459
487
512
511
448
412
456
409
480
457
415
489
515
504
440
328
481
480
469
435
457
471
479
481
479
368
496
447
373
431
402
487
478
457
503
491
423
437
451
464
443
488
501
470
472
445
476
504
452
489
408
493
475
506
492
492
534
464
427
483
417
529
498
525
442
503
449
448
445
515
446
422
499
462
413
532
400
407
523
427
477
498
466
448
441
422
373
529
440
455
479
475
419
450
505
391
380
449
445
459
439
452
543
451
535
486
502
485
498
586
525
481
510
531
449
494
455
461
507
555
495
486
445
491
442
522
518
502
437
521
513
537
485
512
489
476
440
507
533
523
424
511
527
509
474
436
554
492
544
466
471
471
526
490
501
503
453
514
534
555
496
485
481
433
535
459
520
443
484
501
506
456
423
480
513
663
638
638
501
513
533
581
730
781
754
798
641
576
811
763
621
722
792
726
583
781
684
706
711
717
768
792
787
826
767
671
704
759
693
816
714
825
822
571
562
574
849
646
972
655
634
595
566
680
863
1177
625
650
694
605
656
778
535
597
878
743
590
863
584
742
610
730
638
512
618
760
801
691
596
824
810
651
613
607
600
627
590
684
663
576
622
647
607
