692
545
619
529
815
629
543
685
579
691
592
602
917
525
508
785
623
642
602
500
608
550
606
528
549
493
697
491
744
796
727
595
576
721
540
622
549
590
549
509
601
532
567
537
772
605
582
663
623
530
1131
505
679
653
522
697
588
528
542
525
553
910
537
530
506
558
596
606
704
582
726
589
560
471
544
452
515
862
556
480
561
544
551
440
582
585
531
512
599
675
521
516
538
619
495
514
505
534
620
593
484
471
532
523
640
511
487
536
509
714
659
526
712
786
467
500
501
511
714
505
711
579
547
484
671
478
534
676
577
674
488
631
820
767
790
547
614
672
706
845
742
602
822
759
755
729
748
670
550
659
714
768
978
575
726
566
585
625
623
544
527
544
543
745
755
732
590
697
703
579
815
596
734
749
714
581
577
704
715
818
606
604
611
749
519
536
759
659
616
619
579
680
516
585
480
544
559
525
526
480
608
606
590
623
555
552
535
625
560
591
637
736
558
508
590
498
543
579
616
509
576
668
643
518
782
567
509
623
726
800
631
617
639
691
826
587
819
479
656
782
616
587
544
575
869
703
665
606
663
652
581
567
469
517
587
652
551
550
563
534
509
534
547
507
492
562
560
440
736
502
516
495
511
534
537
509
481
560
502
481
598
539
472
507
496
422
488
506
543
472
438
483
504
521
463
476
523
436
485
408
503
463
451
438
400
445
445
487
479
394
521
477
459
464
469
472
462
506
423
453
436
434
395
454
428
453
405
483
430
454
387
459
443
457
447
425
407
456
501
425
420
497
452
390
501
442
468
413
425
358
483
453
418
432
392
446
469
438
501
465
420
496
380
468
412
441
466
459
437
424
472
479
449
412
470
372
425
489
537
420
495
457
482
465
416
451
419
375
729
509
484
395
473
469
561
477
543
413
531
497
455
420
464
560
490
487
424
462
495
446
457
500
393
460
486
508
453
643
533
508
469
496
532
509
602
490
568
460
501
545
580
649
557
531
499
492
533
514
507
530
514
490
492
466
550
490
441
446
492
404
508
511
513
462
687
540
514
683
695
485
523
489
500
572
505
446
644
501
470
474
435
620
708
571
510
616
663
487
473
627
699
552
431
666
606
577
576
530
458
482
486
516
528
636
507
606
676
490
866
506
