392
451
390
449
472
388
455
439
478
378
418
429
418
460
427
407
408
437
394
397
421
418
403
397
404
443
404
440
400
431
401
397
399
386
419
417
408
463
414
423
398
421
411
399
458
399
417
530
394
406
417
443
399
402
412
434
410
414
411
403
421
406
427
469
400
403
432
450
423
407
404
413
425
449
420
443
419
433
430
466
438
401
431
417
416
423
443
448
389
391
416
417
392
428
398
437
375
393
431
362
397
438
402
412
459
443
409
412
427
455
362
406
438
442
440
459
429
432
452
465
402
472
431
493
421
388
445
473
431
444
445
438
431
399
379
446
417
389
439
408
427
449
426
359
471
388
422
374
433
421
461
396
479
422
411
415
387
379
389
443
412
443
416
445
444
410
456
387
434
423
407
466
397
466
457
420
454
432
457
400
460
420
420
426
429
386
375
471
414
411
422
408
426
447
460
462
391
441
438
408
458
445
473
467
457
408
420
423
408
450
436
446
437
431
451
365
422
458
383
405
474
443
459
429
444
427
447
388
398
446
418
372
428
491
455
439
438
459
449
439
468
423
405
471
439
520
426
455
454
488
438
446
401
425
447
416
445
443
414
441
456
376
456
440
443
456
422
414
427
461
440
453
457
455
420
459
394
406
432
419
427
468
404
399
433
370
431
535
431
449
499
454
468
459
430
409
436
568
614
638
458
470
520
513
456
562
655
600
580
631
569
661
642
544
474
614
535
540
476
474
649
674
687
710
642
666
663
698
502
519
488
521
695
584
658
667
595
625
686
564
613
672
612
645
798
686
625
677
579
618
512
433
473
488
555
471
623
660
545
651
596
548
636
563
499
482
557
511
809
598
526
493
495
493
658
507
539
668
442
449
529
541
545
506
503
768
550
521
690
665
679
503
464
518
512
564
513
497
522
656
533
536
501
555
604
658
619
540
500
480
519
502
514
486
531
503
624
440
494
604
586
495
716
551
639
539
569
529
455
491
525
470
495
517
497
528
498
645
546
535
846
500
528
537
515
562
514
474
483
479
471
524
570
452
487
584
547
539
638
697
744
503
553
446
517
530
496
511
450
477
453
468
652
487
575
599
676
536
523
512
564
495
473
582
556
454
492
591
501
610
524
445
489
510
436
434
446
459
456
462
