456
463
494
419
450
486
507
442
422
466
405
436
492
425
490
474
493
424
437
469
408
483
465
453
455
420
416
518
487
400
463
407
468
381
389
427
408
395
411
425
426
433
425
409
422
416
395
413
407
558
450
449
398
458
416
602
409
411
437
368
442
442
449
423
399
430
432
414
427
353
505
414
414
397
395
377
416
431
424
348
410
364
369
445
424
307
393
454
393
404
378
437
449
422
408
456
420
464
444
375
435
449
435
455
413
411
523
402
472
419
412
428
446
391
426
359
435
414
449
409
425
432
376
391
448
478
393
323
407
437
410
402
353
414
443
401
474
446
429
422
413
451
385
401
479
401
363
373
478
432
432
381
409
423
418
446
369
397
401
426
394
366
417
395
421
418
338
426
395
414
434
434
446
681
457
429
391
401
442
395
437
447
416
444
402
402
437
416
351
399
359
432
422
403
405
393
405
401
405
388
467
371
433
376
375
368
393
418
408
460
399
352
385
398
428
375
434
422
422
427
393
376
382
688
386
407
376
344
424
421
438
416
373
404
364
404
466
372
402
376
424
415
398
415
401
388
391
465
401
458
406
388
436
327
388
428
381
400
431
469
451
413
419
489
390
395
367
429
448
391
393
443
437
419
447
447
423
425
576
382
399
405
429
456
618
444
454
470
422
458
471
492
501
506
470
414
409
498
452
476
473
446
387
514
436
579
508
433
453
496
488
462
452
475
477
498
449
444
454
433
418
521
426
401
458
421
437
392
415
444
451
488
404
379
403
386
410
427
395
395
466
401
416
458
405
385
426
433
413
392
399
430
405
447
429
420
485
380
421
544
651
512
443
448
469
438
426
577
634
656
598
550
452
435
410
444
427
417
393
443
430
473
448
475
450
426
437
382
442
393
423
400
411
432
382
421
398
373
423
468
397
428
474
430
428
432
388
392
396
428
436
420
408
391
400
380
392
362
434
436
416
416
436
368
393
400
454
430
474
453
435
429
410
391
418
469
394
388
374
407
437
440
398
422
352
403
426
448
453
394
422
395
427
433
394
455
409
425
435
401
440
405
383
364
399
411
436
466
393
431
430
409
444
339
297
408
366
375
395
423
402
400
430
411
400
411
404
432
373
360
384
386
393
386
406
416
365
421
367
405
