509
579
583
564
564
584
568
550
874
1766
679
672
583
511
561
654
521
902
734
545
500
584
591
504
635
561
537
547
1074
572
856
550
579
570
475
508
536
607
777
697
758
721
688
525
573
604
828
978
942
594
598
621
576
539
561
594
599
614
577
636
572
633
604
560
631
785
552
654
640
578
586
507
559
498
495
516
641
950
510
859
530
564
755
590
572
570
683
720
830
799
539
604
518
593
900
798
567
575
541
573
603
468
574
503
719
717
504
804
602
701
604
530
555
524
556
869
610
561
581
572
651
556
554
743
579
857
640
554
844
639
537
623
591
576
526
533
831
1022
685
590
599
553
560
619
570
628
916
800
622
846
638
627
593
617
547
744
876
564
604
594
529
553
565
573
540
536
783
595
650
626
572
687
688
784
909
579
788
826
758
865
912
844
896
816
749
799
793
714
812
693
732
710
870
680
839
823
659
571
758
815
984
1467
885
896
631
683
701
721
534
669
609
631
651
605
627
518
961
674
529
764
725
690
547
599
570
693
715
645
508
573
548
565
582
596
596
562
591
561
573
566
519
552
530
537
476
519
574
567
498
481
555
498
531
560
488
495
554
500
464
477
472
465
477
511
471
489
500
567
494
645
652
511
576
504
511
734
551
692
621
830
733
529
513
563
519
524
713
490
592
575
499
563
653
605
580
545
550
804
525
582
645
580
810
599
599
762
574
562
533
567
529
557
524
711
562
567
581
556
589
631
552
491
592
547
529
538
529
709
558
628
761
658
521
550
545
630
661
1000
770
568
589
502
588
589
575
565
718
518
821
551
570
634
646
501
530
567
583
748
860
698
879
781
767
936
561
673
900
878
711
656
628
754
824
787
802
659
679
699
901
730
598
825
801
583
609
723
521
716
799
759
634
576
614
694
694
612
732
713
855
633
780
663
577
846
668
674
752
593
597
657
783
651
802
693
895
874
612
775
600
667
586
639
1086
715
838
806
527
597
683
617
834
754
869
652
620
706
579
778
602
642
601
704
847
679
666
547
604
627
561
775
655
584
813
648
657
541
582
629
656
881
592
783
736
784
677
594
654
593
787
804
777
744
648
803
562
550
680
730
798
647
616
726
846
556
631
735
666
564
515
828
627
721
636
664
546
610
608
709
851
701
