479
485
414
512
467
471
502
464
513
470
439
497
501
426
510
463
451
453
473
472
441
475
442
447
482
490
450
390
479
416
485
461
457
450
461
411
466
469
450
480
408
472
449
473
476
426
472
476
407
464
419
427
483
474
464
482
437
516
454
446
427
422
465
456
412
451
407
435
429
457
533
444
404
449
398
432
452
486
389
441
469
448
521
480
430
379
461
442
469
465
424
451
448
458
437
463
441
447
407
440
404
443
454
443
442
460
454
426
413
437
461
485
444
441
503
419
431
445
469
413
475
454
480
425
476
421
452
461
436
671
500
486
481
516
503
457
508
472
538
492
486
518
491
535
527
467
490
504
492
448
451
443
509
466
448
435
497
448
448
451
505
456
494
448
469
477
474
488
813
514
456
480
553
486
560
512
560
449
507
467
521
584
500
534
490
518
528
441
478
529
514
507
490
517
532
529
435
518
533
521
493
480
491
501
460
502
430
486
488
476
465
479
414
449
459
479
455
485
418
435
433
463
455
546
465
483
495
8742
531
475
463
489
512
468
477
460
466
428
453
472
521
453
433
489
506
443
493
478
525
441
561
464
497
468
466
469
491
465
483
486
516
442
475
478
467
487
424
466
384
491
473
490
488
467
475
445
441
521
429
515
471
458
434
434
390
491
499
476
462
425
465
452
454
458
464
492
437
534
483
480
443
460
430
404
438
468
468
455
443
445
433
424
505
475
467
451
422
464
425
435
424
398
473
492
465
447
446
464
491
507
451
467
497
510
416
428
432
477
462
458
437
464
451
469
523
394
378
379
403
388
446
421
369
414
445
443
393
421
360
402
446
424
421
424
381
389
420
391
390
382
409
398
395
324
364
356
374
390
398
381
467
424
425
379
382
398
437
390
426
353
366
355
367
471
386
377
397
346
378
359
381
370
389
409
387
412
356
385
356
354
415
410
399
405
389
378
342
379
412
389
378
400
406
366
411
337
435
376
390
406
417
392
362
408
387
409
378
366
359
472
479
479
417
386
408
460
382
392
406
438
409
431
368
450
528
523
542
576
524
617
600
615
854
635
635
677
595
493
633
501
425
439
482
673
581
605
726
710
700
705
669
643
552
609
707
594
568
634
635
560
725
688
541
378
501
408
477
434
466
399
