510
563
639
563
523
514
667
544
450
484
493
488
727
560
558
453
596
531
490
541
564
702
477
546
521
804
549
518
557
544
439
510
566
496
510
545
628
706
510
479
544
522
514
527
507
534
505
535
479
510
496
489
517
534
566
536
528
490
517
560
695
546
500
603
486
425
543
492
503
499
554
463
499
497
510
614
549
507
686
499
501
655
531
500
481
527
521
543
675
538
539
540
455
469
529
509
511
508
436
575
683
490
454
453
471
531
515
596
541
509
447
468
490
541
476
610
423
534
754
579
693
679
660
611
725
827
696
521
458
504
611
501
498
524
532
542
591
640
602
617
505
551
677
472
488
496
607
534
473
545
640
566
511
532
624
502
545
521
593
495
480
506
457
518
468
523
527
518
480
534
512
490
470
481
506
465
524
544
526
440
470
541
667
490
458
581
468
454
502
474
460
470
462
493
481
654
533
492
441
518
500
478
480
706
455
467
414
463
500
712
432
451
440
478
440
456
475
501
469
474
378
427
434
476
413
517
497
419
472
506
524
514
435
564
478
461
540
484
503
464
528
500
434
437
442
418
451
438
456
444
452
561
525
460
446
438
407
442
506
442
419
421
426
460
443
495
440
460
470
443
508
509
515
438
429
425
438
436
476
432
585
630
438
466
437
513
435
438
469
477
493
446
440
564
635
429
808
486
472
524
508
603
482
616
729
771
618
605
558
526
525
509
489
482
580
771
742
509
479
540
514
487
544
747
495
590
691
699
642
716
703
564
720
749
748
735
604
883
644
587
643
499
509
533
497
546
535
576
785
733
558
501
755
480
851
758
700
830
661
827
757
626
587
736
724
714
663
768
683
687
852
784
671
910
559
724
660
608
787
613
786
910
625
845
720
676
825
807
913
738
711
717
801
720
736
797
689
991
877
731
781
666
647
732
715
667
759
634
749
730
768
674
677
703
609
790
777
738
703
797
794
679
735
906
663
761
885
701
554
767
802
771
745
733
767
678
730
989
804
712
767
698
875
700
780
755
799
696
739
746
697
722
733
648
755
636
719
691
645
655
683
792
656
701
585
648
720
727
798
735
635
680
873
697
632
838
723
698
774
764
749
712
705
718
918
697
807
802
760
771
642
708
648
679
731
721
876
724
694
670
