874330
855698
858352
909858
836589
856715
857389
844885
841489
872640
827377
905199
824597
851277
852915
857287
879225
856497
867267
875328
830438
855568
836686
859570
872758
857647
851737
811136
858202
989808
857240
853321
909650
853856
843112
821638
836772
875564
801305
899983
855730
857987
947348
844130
800573
875644
813445
852907
840166
854078
840226
852757
851723
839644
852559
825712
852851
835855
872672
856412
803293
886650
834452
915347
834889
854564
854199
848297
863038
851794
836008
912483
854191
801636
799546
855628
906720
976689
903978
891872
899273
858185
884942
953118
976582
933340
1000836
967449
888823
929500
1042626
933702
989679
1093841
1014903
918912
936961
925144
1007705
970656
