1310186
1303590
1385923
1611148
1503604
1519936
1424211
1321626
1330165
1335483
1703772
1349995
1390313
1544403
1396580
1524183
1569876
1363710
1318326
1342864
1282284
1337153
1389933
1446517
1370667
1502502
1275433
1315588
1253569
1353968
1258325
1219377
1403141
1300087
1226265
1276739
1225262
1241530
1226116
1200585
1168346
1253584
1226608
1268621
1226102
1518830
1191565
1256299
1145965
1292612
1262540
1162441
1142764
1215673
1145209
1349382
1147666
1180000
1141238
1145835
1139775
1228705
1226285
1145610
1113904
1232149
1298654
1209431
1211045
1224489
1240742
1226788
1266737
1364103
1381204
1254727
1320450
1245867
1214831
1269922
1363213
1251254
1259211
1228480
1290614
1224206
1225504
1298343
1218191
1491849
1268033
1247773
1243094
1371200
1356646
1375199
1311399
1326069
1449849
1364144
