394259
396771
397781
394936
394909
396879
396855
396294
395855
395861
396295
396070
395971
396259
475996
395538
396448
395894
397651
396772
394515
395465
408375
395990
396113
395861
467710
395295
396590
395403
412099
395482
395528
371575
372244
396546
371577
397284
431701
394735
395888
370633
421466
395037
394914
394772
407122
397915
399238
394035
449344
397387
395403
395797
422447
395222
395500
395076
410949
395806
397451
405664
450207
396826
396657
394496
407700
398737
396713
410730
469928
394898
372181
395340
371817
396416
396595
400053
395551
396328
398118
419601
432476
395984
395916
396411
395818
395477
371140
396368
396792
396911
398688
395443
394956
396274
394072
395081
398831
394904
